close all; clear; clc; dicNR_temp
 
B =
 
[ P2 + 1,     P3, P1]
[     P5, P6 + 1, P4]
[      0,      0,  1]
 

elements =

    21


ans =

    21     5


ans =

    21     2

image 6

coefficient_time =

  102.1061


Funcval =

    0.0351


Funcval =

    0.0250


Funcval =

    0.0762


Funcval =

    0.0997


Funcval =

    0.0547


Funcval =

    0.1102


Funcval =

    0.1038


Funcval =

    0.0888


Funcval =

    0.0464


Funcval =

    0.0407


Funcval =

    0.0394


Funcval =

    0.0373


Funcval =

    0.0338


Funcval =

    0.0426


Funcval =

    0.0190


Funcval =

    0.0202


Funcval =

    0.0214


Funcval =

    0.0229


Funcval =

    0.0234


Funcval =

    0.0244


Funcval =

    0.0251


Funcval =

    0.0271


Funcval =

    0.0291


Funcval =

    0.0312


Funcval =

    0.0345


Funcval =

    0.0454


Funcval =

    0.0366


Funcval =

    0.0490


Funcval =

    0.0405


Funcval =

    0.0519


Funcval =

    0.0526


Funcval =

    0.0481


Funcval =

    0.0164


Funcval =

    0.0170


Funcval =

    0.0172


Funcval =

    0.0185


Funcval =

    0.0197


Funcval =

    0.0201


Funcval =

    0.0207


Funcval =

    0.0214


Funcval =

    0.0217


Funcval =

    0.0226


Funcval =

    0.0236


Funcval =

    0.0231


Funcval =

    0.0251


Funcval =

    0.0744


Funcval =

    0.0728


Funcval =

    0.0635


Funcval =

    0.0630


Funcval =

    0.0650


Funcval =

    0.0571


Funcval =

    0.0568


Funcval =

    0.0576


Funcval =

    0.0579


Funcval =

    0.0563


Funcval =

    0.0566


Funcval =

    0.0560


Funcval =

    0.0591


Funcval =

    0.0602


Funcval =

    0.0599


Funcval =

    0.0577


Funcval =

    0.0528


Funcval =

    0.0082


Funcval =

    0.0082


Funcval =

    0.0082


Funcval =

    0.0100


Funcval =

    0.0100


Funcval =

    0.0100


Funcval =

    0.0100


Funcval =

    0.0100


Funcval =

    0.0104


Funcval =

    0.0104


Funcval =

    0.0104


Funcval =

    0.0105


Funcval =

    0.0108


Funcval =

    0.0110


Funcval =

    0.0111


Funcval =

    0.0111


Funcval =

    0.0111


Funcval =

    0.0111


Funcval =

    0.0111


Funcval =

    0.0112


Funcval =

    0.0114


Funcval =

    0.0117


Funcval =

    0.0117


Funcval =

    0.0117


Funcval =

    0.0120


Funcval =

    0.0120


Funcval =

    0.0123


Funcval =

    0.0131


Funcval =

    0.0131


Funcval =

    0.0131


Funcval =

    0.0134


Funcval =

    0.0136


Funcval =

    0.0137


Funcval =

    0.0140


Funcval =

    0.0156


Funcval =

    0.0158


Funcval =

    0.0165


Funcval =

    0.0207


Funcval =

    0.0179


Funcval =

    0.0226


Funcval =

    0.0223


Funcval =

    0.0226


Funcval =

    0.0227


Funcval =

    0.0227


Funcval =

    0.0226


Funcval =

    0.0226


Funcval =

    0.0226


Funcval =

    0.0228


Funcval =

    0.0230


Funcval =

    0.0235


Funcval =

    0.0240


Funcval =

    0.0247


Funcval =

    0.0255


Funcval =

    0.0258


Funcval =

    0.0269


Funcval =

    0.0293


Funcval =

    0.0313


Funcval =

    0.0325


Funcval =

    0.0335


Funcval =

    0.0358


Funcval =

    0.0368


Funcval =

    0.0387


Funcval =

    0.0328


Funcval =

    0.0295


Funcval =

    0.0318


Funcval =

    0.0357


Funcval =

    0.0403


Funcval =

    0.0545


Funcval =

    0.0493


Funcval =

    0.0467


Funcval =

    0.0439


Funcval =

    0.0270


Funcval =

    0.0304


Funcval =

    0.0361


Funcval =

    0.0402


Funcval =

    0.0459


Funcval =

    0.0424


Funcval =

    0.0772


Funcval =

    0.0743


Funcval =

    0.0688


Funcval =

    0.0700


Funcval =

    0.0695


Funcval =

    0.0691


Funcval =

    0.0683


Funcval =

    0.0672


Funcval =

    0.0664


Funcval =

    0.0656


Funcval =

    0.0632


Funcval =

    0.0624


Funcval =

    0.0616


Funcval =

    0.0597


Funcval =

    0.0580


Funcval =

    0.0552


Funcval =

    0.0538


Funcval =

    0.0506


Funcval =

    0.0498


Funcval =

    0.0471


Funcval =

    0.0449


Funcval =

    0.0405


Funcval =

    0.0455


Funcval =

    0.0428


Funcval =

    0.0311


Funcval =

    0.0318


Funcval =

    0.0327


Funcval =

    0.0347


Funcval =

    0.0381


Funcval =

    0.0392


Funcval =

    0.0385


Funcval =

    0.0386


Funcval =

    0.0368


Funcval =

    0.0386


Funcval =

    0.0394


Funcval =

    0.0399


Funcval =

    0.0418


Funcval =

    0.0423


Funcval =

    0.0435


Funcval =

    0.0438


Funcval =

    0.0458


Funcval =

    0.0487


Funcval =

    0.0526


Funcval =

    0.0563


Funcval =

    0.0789


Funcval =

    0.0601


Funcval =

    0.0234


Funcval =

    0.0234


Funcval =

    0.0234


Funcval =

    0.0234


Funcval =

    0.0234


Funcval =

    0.0234


Funcval =

    0.0234


Funcval =

    0.0234


Funcval =

    0.0234


Funcval =

    0.0234


Funcval =

    0.0234


Funcval =

    0.0234


Funcval =

    0.0234


Funcval =

    0.0234


Funcval =

    0.0234


Funcval =

    0.0234


Funcval =

    0.0234


Funcval =

    0.0234


Funcval =

    0.0234


Funcval =

    0.0234


Funcval =

    0.0234


Funcval =

    0.0234


Funcval =

    0.0234


Funcval =

    0.0234


Funcval =

    0.0234


Funcval =

    0.0234


Funcval =

    0.0234


Funcval =

    0.0234


Funcval =

    0.0234


Funcval =

    0.0234


Funcval =

    0.0234


Funcval =

    0.0238


Funcval =

    0.0238


Funcval =

    0.0238


Funcval =

    0.0238


Funcval =

    0.0238


Funcval =

    0.0237


Funcval =

    0.0237


Funcval =

    0.0236


Funcval =

    0.0236


Funcval =

    0.0236


Funcval =

    0.0236


Funcval =

    0.0236


Funcval =

    0.0236


Funcval =

    0.0236


Funcval =

    0.0236


Funcval =

    0.0236


Funcval =

    0.0236


Funcval =

    0.0236


Funcval =

    0.0236


Funcval =

    0.0236


Funcval =

    0.0236


Funcval =

    0.0236


Funcval =

    0.0236


Funcval =

    0.0236


Funcval =

    0.0236


Funcval =

    0.0236


Funcval =

    0.0236


Funcval =

    0.0243


Funcval =

    0.0243


Funcval =

    0.0243


Funcval =

    0.0243


Funcval =

    0.0243


Funcval =

    0.0243


Funcval =

    0.0243


Funcval =

    0.0243


Funcval =

    0.0243


Funcval =

    0.0246


Funcval =

    0.0246


Funcval =

    0.0246


Funcval =

    0.0246


Funcval =

    0.0246


Funcval =

    0.0246


Funcval =

    0.0246


Funcval =

    0.0246


Funcval =

    0.0246


Funcval =

    0.0246


Funcval =

    0.0249


Funcval =

    0.0249


Funcval =

    0.0249


Funcval =

    0.0249


Funcval =

    0.0249


Funcval =

    0.0249


Funcval =

    0.0249


Funcval =

    0.0249


Funcval =

    0.0249


Funcval =

    0.0249


Funcval =

    0.0249


Funcval =

    0.0249


Funcval =

    0.0250


Funcval =

    0.0250


Funcval =

    0.0250


Funcval =

    0.0250


Funcval =

    0.0250


Funcval =

    0.0250


Funcval =

    0.0250


Funcval =

    0.0250


Funcval =

    0.0250


Funcval =

    0.0250


Funcval =

    0.0250


Funcval =

    0.0250


Funcval =

    0.0250


Funcval =

    0.0251


Funcval =

    0.0251


Funcval =

    0.0251


Funcval =

    0.0251


Funcval =

    0.0251


Funcval =

    0.0251


Funcval =

    0.0251


Funcval =

    0.0255


Funcval =

    0.0255


Funcval =

    0.0253


Funcval =

    0.0253


Funcval =

    0.0253


Funcval =

    0.0253


Funcval =

    0.0253


Funcval =

    0.0253


Funcval =

    0.0253


Funcval =

    0.0262


Funcval =

    0.0262


Funcval =

    0.0262


Funcval =

    0.0265


Funcval =

    0.0264


Funcval =

    0.0265


Funcval =

    0.0265


Funcval =

    0.0265


Funcval =

    0.0265


Funcval =

    0.0265


Funcval =

    0.0264


Funcval =

    0.0264


Funcval =

    0.0264


Funcval =

    0.0264


Funcval =

    0.0264


Funcval =

    0.0264


Funcval =

    0.0264


Funcval =

    0.0264


Funcval =

    0.0264


Funcval =

    0.0264


Funcval =

    0.0264


