close all; clear; clc; dicNR_temp
 
B =
 
[ P2 + 1,     P3, P1]
[     P5, P6 + 1, P4]
[      0,      0,  1]
 

elements =

    21


ans =

    21     5


ans =

    21     2

image 6

coefficient_time =

  134.1328


PP =

   1.0e-03 *

   -0.0894    0.0007    0.0040   -0.1408   -0.0003   -0.0020


Corrr =

    0.0019


iter =

     5

Elapsed time is 39.373382 seconds.

PP =

   -0.0001    0.0000    0.0000   -0.0001   -0.0000   -0.0000
   -0.0074    0.0002   -0.0002   -0.0177   -0.0000    0.0002


Corrr =

    0.0019    0.0025


iter =

     5    41


PP =

   -0.0001    0.0000    0.0000   -0.0001   -0.0000   -0.0000
   -0.0074    0.0002   -0.0002   -0.0177   -0.0000    0.0002
   -0.0094    0.0002    0.0001   -0.0161    0.0006    0.0002


Corrr =

    0.0019    0.0025    0.0019


iter =

     5    41    79


PP =

   -0.0001    0.0000    0.0000   -0.0001   -0.0000   -0.0000
   -0.0074    0.0002   -0.0002   -0.0177   -0.0000    0.0002
   -0.0094    0.0002    0.0001   -0.0161    0.0006    0.0002
   -0.0050    0.0002    0.0001   -0.0196    0.0006    0.0002


Corrr =

    0.0019    0.0025    0.0019    0.0017


iter =

     5    41    79     3


PP =

   -0.0001    0.0000    0.0000   -0.0001   -0.0000   -0.0000
   -0.0074    0.0002   -0.0002   -0.0177   -0.0000    0.0002
   -0.0094    0.0002    0.0001   -0.0161    0.0006    0.0002
   -0.0050    0.0002    0.0001   -0.0196    0.0006    0.0002
   -0.0041   -0.0000   -0.0002   -0.0260   -0.0001    0.0005


Corrr =

    0.0019    0.0025    0.0019    0.0017    0.0021


iter =

     5    41    79     3    91


PP =

   -0.0001    0.0000    0.0000   -0.0001   -0.0000   -0.0000
   -0.0074    0.0002   -0.0002   -0.0177   -0.0000    0.0002
   -0.0094    0.0002    0.0001   -0.0161    0.0006    0.0002
   -0.0050    0.0002    0.0001   -0.0196    0.0006    0.0002
   -0.0041   -0.0000   -0.0002   -0.0260   -0.0001    0.0005
   -0.0164    0.0001   -0.0007   -0.0240    0.0001    0.0004


Corrr =

    0.0019    0.0025    0.0019    0.0017    0.0021    0.0015


iter =

     5    41    79     3    91   170


PP =

   -0.0001    0.0000    0.0000   -0.0001   -0.0000   -0.0000
   -0.0074    0.0002   -0.0002   -0.0177   -0.0000    0.0002
   -0.0094    0.0002    0.0001   -0.0161    0.0006    0.0002
   -0.0050    0.0002    0.0001   -0.0196    0.0006    0.0002
   -0.0041   -0.0000   -0.0002   -0.0260   -0.0001    0.0005
   -0.0164    0.0001   -0.0007   -0.0240    0.0001    0.0004
   -0.0162    0.0001   -0.0007   -0.0140    0.0001    0.0004


Corrr =

    0.0019    0.0025    0.0019    0.0017    0.0021    0.0015    0.0019


iter =

     5    41    79     3    91   170     4


PP =

   -0.0001    0.0000    0.0000   -0.0001   -0.0000   -0.0000
   -0.0074    0.0002   -0.0002   -0.0177   -0.0000    0.0002
   -0.0094    0.0002    0.0001   -0.0161    0.0006    0.0002
   -0.0050    0.0002    0.0001   -0.0196    0.0006    0.0002
   -0.0041   -0.0000   -0.0002   -0.0260   -0.0001    0.0005
   -0.0164    0.0001   -0.0007   -0.0240    0.0001    0.0004
   -0.0162    0.0001   -0.0007   -0.0140    0.0001    0.0004
   -0.0108   -0.0001   -0.0004   -0.0245    0.0001    0.0006


Corrr =

    0.0019    0.0025    0.0019    0.0017    0.0021    0.0015    0.0019    0.0021


iter =

     5    41    79     3    91   170     4    49


PP =

   -0.0001    0.0000    0.0000   -0.0001   -0.0000   -0.0000
   -0.0074    0.0002   -0.0002   -0.0177   -0.0000    0.0002
   -0.0094    0.0002    0.0001   -0.0161    0.0006    0.0002
   -0.0050    0.0002    0.0001   -0.0196    0.0006    0.0002
   -0.0041   -0.0000   -0.0002   -0.0260   -0.0001    0.0005
   -0.0164    0.0001   -0.0007   -0.0240    0.0001    0.0004
   -0.0162    0.0001   -0.0007   -0.0140    0.0001    0.0004
   -0.0108   -0.0001   -0.0004   -0.0245    0.0001    0.0006
   -0.0073   -0.0003    0.0001   -0.0209    0.0005    0.0001


Corrr =

    0.0019    0.0025    0.0019    0.0017    0.0021    0.0015    0.0019    0.0021    0.0013


iter =

     5    41    79     3    91   170     4    49    45


PP =

   -0.0001    0.0000    0.0000   -0.0001   -0.0000   -0.0000
   -0.0074    0.000