close all; clear; clc; dicNR_temp
 
B =
 
[ P2 + 1,     P3, P1]
[     P5, P6 + 1, P4]
[      0,      0,  1]
 

elements =

    21


ans =

    21     5


ans =

    21     2

image 6

coefficient_time =

  131.4471


P =

   1.0e-10 *

    0.1980         0         0         0         0         0


stepChange =

   1.0e-10 *

    0.1980         0         0         0         0         0


Funcval =

   2.5643e-04


P =

   1.0e-10 *

    0.1980         0         0    0.1980         0         0


stepChange =

   1.0e-10 *

         0         0         0    0.1980         0         0


Funcval =

   2.5643e-04


P =

   1.0e-03 *

   -0.0346   -0.0010   -0.0043   -0.3431   -0.0042    0.0084


stepChange =

   1.0e-03 *

   -0.0346   -0.0010   -0.0043   -0.3431   -0.0042    0.0084


Funcval =

    0.0045


P =

    0.0147   -0.0005   -0.0026    0.0031   -0.0002   -0.0004


stepChange =

    0.0148   -0.0005   -0.0026    0.0034   -0.0002   -0.0004


Funcval =

    0.0028


P =

    0.0151   -0.0006   -0.0025    0.0036   -0.0001   -0.0005


stepChange =

   1.0e-03 *

    0.3579   -0.1395    0.1605    0.5616    0.0999   -0.1305


Funcval =

    0.0010


P =

    0.0151   -0.0006   -0.0025    0.0036   -0.0001   -0.0005


stepChange =

   1.0e-05 *

    0.4889   -0.0078    0.0225    0.1918    0.0061   -0.0226


Funcval =

    0.0010


P =

    0.0157   -0.0006   -0.0024    0.0039   -0.0001   -0.0005


stepChange =

   1.0e-03 *

    0.5719   -0.0094    0.0267    0.2232    0.0073   -0.0266


Funcval =

    0.0011


P =

    0.0162   -0.0006   -0.0024    0.0039   -0.0002   -0.0005


stepChange =

   1.0e-03 *

    0.5762   -0.0011    0.0169    0.0370   -0.0172   -0.0143


Funcval =

   6.6872e-04


P =

    0.0161   -0.0006   -0.0024    0.0038   -0.0002   -0.0005


stepChange =

   1.0e-03 *

   -0.1257    0.0038   -0.0020   -0.1147   -0.0022    0.0077


Funcval =

   7.4583e-04


P =

    0.0161   -0.0006   -0.0024    0.0038   -0.0002   -0.0005


stepChange =

   1.0e-15 *

    0.6002   -0.0446    0.0190    0.9696    0.0357   -0.0541


Funcval =

   6.2827e-04


P_store =

         0         0         0         0         0         0
    0.0000         0         0         0         0         0
    0.0000         0         0    0.0000         0         0
   -0.0000   -0.0000   -0.0000   -0.0003   -0.0000    0.0000
    0.0147   -0.0005   -0.0026    0.0031   -0.0002   -0.0004
    0.0151   -0.0006   -0.0025    0.0036   -0.0001   -0.0005
    0.0151   -0.0006   -0.0025    0.0036   -0.0001   -0.0005
    0.0157   -0.0006   -0.0024    0.0039   -0.0001   -0.0005
    0.0162   -0.0006   -0.0024    0.0039   -0.0002   -0.0005
    0.0161   -0.0006   -0.0024    0.0038   -0.0002   -0.0005


dP_store =

    1.0000         0         0         0         0         0
         0         0         0    1.0000         0         0
   -0.0000   -0.0000   -0.0000   -0.0000   -0.0000    0.0000
   -0.0016    0.0001    0.0003   -0.0004    0.0000    0.0000
   -0.0000    0.0000   -0.0000   -0.0001   -0.0000    0.0000
   -0.0001    0.0000   -0.0000   -0.0000   -0.0000    0.0000
   -0.0001    0.0000   -0.0000   -0.0000   -0.0000    0.0000
   -0.0001    0.0000   -0.0000   -0.0000    0.0000    0.0000
   -0.0000    0.0000   -0.0000   -0.0000   -0.0000    0.0000
   -0.0000    0.0000   -0.0000   -0.0000   -0.0000    0.0000


PP =

         0         0         0         0         0         0
         0         0         0         0         0         0
         0         0         0         0         0         0
         0         0         0         0         0         0
    0.0161   -0.0006   -0.0024    0.0038   -0.0002   -0.0005


Corrr =

   1.0e-03 *

         0         0         0         0    0.6283


iter =

     0     0     0     0    10

Elapsed time is 75.851178 seconds.

total_time =

   75.8528

image 11

coefficient_time =

  123.8709


P =

   1.0e-10 *

    0.1980         0         0         0         0         0


stepChange =

   1.0e-10 *

    0.1980         0         0         0         0         0


Funcval =

   3.0830e-04


P =

   1.0e-10 *

    0.1980         0         0    0.1980         0         0


stepChange =

   1.0e-10 *

         0         0         0    0.1980         0         0


Funcval =

   3.0830e-04


P =

   1.0e-03 *

   -0.3824   -0.0018    0.0004   -0.1835   -0.0078   -0.0010


stepChange =

   1.0e-03 *

   -0.3824   -0.0018    0.0004   -0.1835   -0.0078   -0.0010


Funcval =

   3.0798e-04


P =

   1.0e-03 *

   -0.4788   -0.0023    0.0004   -0.2281   -0.0098   -0.0013


stepChange =

   1.0e-04 *

   -0.9646   -0.0048    0.0007   -0.4462   -0.0200   -0.0035


Funcval =

   3.0790e-04


P =

   1.0e-03 *

   -0.4788   -0.0023    0.0004   -0.2281   -0.0098   -0.0013


stepChange =

   1.0e-14 *

    0.3351    0.0017   -0.0002    0.1549    0.0070    0.0012


Funcval =

   3.0790e-04


P_store =

   1.0e-03 *

         0         0         0         0         0         0
    0.0000         0         0         0         0         0
    0.0000         0         0    0.0000         0         0
   -0.3824   -0.0018    0.0004   -0.1835   -0.0078   -0.0010
   -0.4788   -0.0023    0.0004   -0.2281   -0.0098   -0.0013


dP_store =

    1.0000         0         0         0         0         0
         0         0         0    1.0000         0         0
   -0.0000   -0.0000    0.0000   -0.0000   -0.0000   -0.0000
   -0.0000   -0.0000    0.0000   -0.0000   -0.0000   -0.0000
   -0.0000   -0.0000    0.0000   -0.0000   -0.0000   -0.0000


PP =

   1.0e-03 *

         0         0         0         0         0         0
         0         0         0         0         0         0
         0         0         0         0         0         0
   -0.4788   -0.0023    0.0004   -0.2281   -0.0098   -0.0013


Corrr =

   1.0e-03 *

         0         0         0    0.3079


iter =

     0     0     0     5


total_time =

  213.2011

image 16

coefficient_time =

  120.3588


P =

   1.0e-03 *

   -0.0548   -0.0023    0.0004   -0.2281   -0.0098   -0.0013


stepChange =

   1.0e-03 *

    0.4240         0         0         0         0         0


Funcval =

   3.2270e-04


P =

   1.0e-03 *

   -0.0548   -0.0023    0.0004   -0.2281   -0.0098   -0.0013


stepChange =

   1.0e-10 *

         0         0         0   -0.1980         0         0


Funcval =

   3.2270e-04


P =

   1.0e-03 *

   -0.0548   -0.0023    0.0004   -0.2281   -0.0098   -0.0013


stepChange =

   1.0e-11 *

    0.0664    0.0007   -0.0006    0.2611   -0.0015    0.0041


Funcval =

   3.2270e-04


P_store =

   1.0e-03 *

   -0.4788   -0.0023    0.0004   -0.2281   -0.0098   -0.0013
   -0.0548   -0.0023    0.0004   -0.2281   -0.0098   -0.0013
   -0.0548   -0.0023    0.0004   -0.2281   -0.0098   -0.0013


dP_store =

    1.0000         0         0         0         0         0
         0         0         0    1.0000         0         0
    0.0000    0.0000   -0.0000    0.0001   -0.0000    0.0000


PP =

   1.0e-03 *

         0         0         0         0         0         0
         0         0         0         0         0         0
         0         0         0         0         0         0
   -0.0548   -0.0023    0.0004   -0.2281   -0.0098   -0.0013


Corrr =

   1.0e-03 *

         0         0         0    0.3227


iter =

     0     0     0     3


total_time =

  192.8782

image 21

coefficient_time =

  122.2591


P =

   -0.0103   -0.0000    0.0000   -0.0002   -0.0000   -0.0000


stepChange =

   -0.0102         0         0         0         0         0


Funcval =

    0.0018


P =

   -0.0103   -0.0000    0.0000   -0.0002   -0.0000   -0.0000


stepChange =

   1.0e-10 *

         0         0         0    0.1980         0         0


Funcval =

    0.0018


P =

   -0.0103   -0.0000    0.0000   -0.0002   -0.0000   -0.0000


stepChange =

   1.0e-11 *

    0.0262   -0.0003   -0.0003   -0.2093   -0.0000    0.0001


Funcval =

    0.0018


