close all; clear; clc; dicNR_temp
 
B =
 
[ P2 + 1,     P3, P1]
[     P5, P6 + 1, P4]
[      0,      0,  1]
 

elements =

    21


ans =

    21     5


ans =

    21     2

image 36

P =

    0.9394   -0.0002    0.0000   -0.0174    0.0001   -0.0007


iterations =

    59


stepChange =

    0.0038    0.0001    0.0001    0.0505    0.0000   -0.0001


Funcval =

    0.0140


P =

    0.9394   -0.0002    0.0000   -0.0174    0.0001   -0.0007


iterations =

    59


stepChange =

   1.0e-13 *

   -0.0065   -0.0002   -0.0001   -0.1008    0.0000    0.0000


Funcval =

    0.0140


P =

    0.9955   -0.0002    0.0000   -0.0174    0.0001   -0.0007


iterations =

    59


stepChange =

    0.0561         0         0         0         0         0


Funcval =

    0.0136


P =

    0.9955   -0.0002    0.0000   -0.0174    0.0001   -0.0007


iterations =

    59


stepChange =

   1.0e-13 *

   -0.0042    0.0002    0.0002    0.1014   -0.0001   -0.0000


Funcval =

    0.0136


P =

    0.9955   -0.0002    0.0000   -0.0174    0.0001   -0.0007


iterations =

    59


stepChange =

   1.0e-12 *

         0         0         0   -0.1783         0         0


Funcval =

    0.0136


P =

    0.9955   -0.0002    0.0000   -0.0174    0.0001   -0.0007


iterations =

    59


stepChange =

   1.0e-12 *

   -0.1783         0         0         0         0         0


Funcval =

    0.0136


P =

    0.9955   -0.0002    0.0000   -0.0174    0.0001   -0.0007


iterations =

    59


stepChange =

   1.0e-12 *

         0         0         0   -0.1783         0         0


Funcval =

    0.0136


P =

    0.9955   -0.0002    0.0000   -0.0174    0.0001   -0.0007


iterations =

    59


stepChange =

   1.0e-12 *

    0.1787         0         0         0         0         0


Funcval =

    0.0136


P =

    0.9955   -0.0002    0.0000   -0.0174    0.0001   -0.0007


iterations =

    59


stepChange =

   1.0e-12 *

         0         0         0    0.1787         0         0


Funcval =

    0.0136

{Operation terminated by user during <a href="matlab:matlab.internal.language.introspective.errorDocCallback('HessianStandard', 'D:\Work\Masters\DIC_Program\HessianStandard.m', 13)" style="font-weight:bold">HessianStandard</a> (<a href="matlab: opentoline('D:\Work\Masters\DIC_Program\HessianStandard.m',13,0)">line 13</a>)


In <a href="matlab:matlab.internal.language.introspective.errorDocCallback('NRtracking3_temp>getJac6', 'D:\Work\Masters\DIC_Program\NRtracking3_temp.m', 729)" style="font-weight:bold">NRtracking3_temp>getJac6</a> (<a href="matlab: opentoline('D:\Work\Masters\DIC_Program\NRtracking3_temp.m',729,0)">line 729</a>)
			Hess=(HessianStandard(coef(floor(yp(i,j)),floor(xp(i,j)),:),P',dx(i,j),dy(i,j),X,Y));

In <a href="matlab:matlab.internal.language.introspective.errorDocCallback('NRtracking3_temp', 'D:\Work\Masters\DIC_Program\NRtracking3_temp.m', 130)" style="font-weight:bold">NRtracking3_temp</a> (<a href="matlab: opentoline('D:\Work\Masters\DIC_Program\NRtracking3_temp.m',130,0)">line 130</a>)
					[G,J,H,f1]=getJac6(coef,(P+(dP')*lambda1),dy,dx,x0,y0,F);

In <a href="matlab:matlab.internal.language.introspective.errorDocCallback('dicNR_temp', 'D:\Work\Masters\DIC_Program\dicNR_temp.m', 219)" style="font-weight:bold">dicNR_temp</a> (<a href="matlab: opentoline('D:\Work\Masters\DIC_Program\dicNR_temp.m',219,0)">line 219</a>)
				[PP(i,:),Corrr(i),iter(i)]=NRtracking3_temp('undeformed image',F_in,'deformed image',G_in,'subset size',subsize,'subset
                position',subpos{process_order(i,2),process_order(i,3)},'guess',Proc.imnr{k-inc}.D(i,6:Pend),'coef',coef)
} 
clc
diary('checkthisout48.txt')
