close all; clear; clc; dicNR_temp
 
B =
 
[ P2 + 1,     P3, P1]
[     P5, P6 + 1, P4]
[      0,      0,  1]
 

elements =

    21


ans =

    21     5


ans =

    21     2

image 26

coefficient_time =

  165.9985


bound =

   1.9683e+03


C =

   1.0e+03 *

    1.3259         0         0         0         0         0
    0.4803    1.6089         0         0         0         0
   -0.2270   -0.2025    1.2269         0         0         0
   -0.1598   -0.1394    0.1258    1.0632         0         0
   -0.0215   -0.0075   -0.0182   -0.0049    0.1156         0
   -0.0120   -0.0141   -0.0070   -0.0215    0.0120    0.0963


J =

    1.1328
  -24.5512
   -0.5098
   10.7236
  -12.3370
  -15.6679


H =

   1.0e+06 *

    1.7580    0.6368   -0.3010   -0.2118   -0.0285   -0.0159
    0.6368    2.8191   -0.4348   -0.3010   -0.0224   -0.0285
   -0.3010   -0.4348    1.5977    0.2188   -0.0159   -0.0030
   -0.2118   -0.3010    0.2188    1.1912   -0.0030   -0.0198
   -0.0285   -0.0224   -0.0159   -0.0030    0.0142    0.0020
   -0.0159   -0.0285   -0.0030   -0.0198    0.0020    0.0103


dP =

   -0.0000
   -0.0000
   -0.0000
   -0.0000
   -0.0008
   -0.0016


P =

   -0.0003    0.0001    0.0000   -0.0001    0.0013    0.0026


iterations =

    74


stepChange =

    0.0000    0.0001    0.0000    0.0000    0.0013    0.0026


Funcval =

    0.0084


bound =

   1.6524e+03


C =

   1.0e+03 *

    1.0839         0         0         0         0         0
    0.0724    1.4665         0         0         0         0
   -0.3085    0.4804    0.8130         0         0         0
    0.2275   -0.2393    0.0139    0.7513         0         0
   -0.0328    0.0046   -0.0513    0.0102    0.0842         0
   -0.0015   -0.0199   -0.0178   -0.0848    0.0283    0.0515


J =

    0.5686
   -6.1670
  -16.2645
   11.1073
  -16.6207
  -13.5297


H =

   1.0e+06 *

    1.1749    0.0785   -0.3344    0.2466   -0.0355   -0.0016
    0.0785    2.1559    0.6821   -0.3344    0.0044   -0.0293
   -0.3344    0.6821    0.9869   -0.1738   -0.0293   -0.0236
    0.2466   -0.3344   -0.1738    0.6736   -0.0016   -0.0595
   -0.0355    0.0044   -0.0293   -0.0016    0.0109    0.0024
   -0.0016   -0.0293   -0.0236   -0.0595    0.0024    0.0114


dP =

   -0.0000
   -0.0000
   -0.0002
   -0.0003
   -0.0016
   -0.0026


P =

   -0.0003    0.0001    0.0002    0.0000    0.0024    0.0043


iterations =

    74


stepChange =

    0.0000    0.0000    0.0001    0.0002    0.0011    0.0018


Funcval =

    0.0071


bound =

   1.8716e+03


C =

   1.0e+03 *

    1.6506         0         0         0         0         0
   -0.0193    0.1138         0         0         0         0
   -0.2297   -0.1046    1.2431         0         0         0
   -0.2021   -0.0615    0.1444    0.9022         0         0
    0.4282   -0.1692   -0.2034   -0.1256    0.9743         0
   -0.0167    0.0179   -0.0041   -0.0481   -0.0365    0.0556


J =

    0.8389
  -29.6827
    0.6589
   11.2790
  -11.2273
  -20.2817


H =

   1.0e+06 *

    2.7246   -0.0319   -0.3791   -0.3335    0.7068   -0.0275
   -0.0319    0.0133   -0.0075   -0.0031   -0.0275    0.0024
   -0.3791   -0.0075    1.6089    0.2324   -0.3335   -0.0031
   -0.3335   -0.0031    0.2324    0.8795   -0.2189   -0.0417
    0.7068   -0.0275   -0.3335   -0.2189    1.2185   -0.0389
   -0.0275    0.0024   -0.0031   -0.0417   -0.0389    0.0074


dP =

   -0.0001
   -0.0020
   -0.0000
   -0.0004
   -0.0003
   -0.0058


P =

   -0.0003    0.0001    0.0002    0.0000    0.0024    0.0045


iterations =

    74


stepChange =

   1.0e-03 *

    0.0019    0.0675    0.0014    0.0118    0.0094    0.1950


Funcval =

    0.0074


bound =

   1.7495e+03


C =

   1.0e+03 *

    1.0565         0         0         0         0         0
    0.6523    1.3877         0         0         0         0
   -0.3126    0.0985    1.1267         0         0         0
   -0.1304   -0.1767    0.1871    0.8674         0         0
   -0.0287    0.0130   -0.0312    0.0034    0.1010         0
   -0.0232   -0.0109   -0.0068   -0.0613    0.0179    0.0471


J =

    0.8198
  -14.5258
   -8.1278
   11.0674
  -14.1582
  -19.1702


H =

   1.0e+06 *

    1.1162    0.6891   -0.3302   -0.1377   -0.0303   -0.0245
    0.6891    2.3512   -0.0672   -0.3302   -0.0007   -0.0303
   -0.3302   -0.0672    1.3769    0.2342   -0.0249   -0.0014
   -0.1377   -0.3302    0.2342    0.8356   -0.0014   -0.0495
   -0.0303   -0.0007   -0.0249   -0.0014    0.0122    0.0023
   -0.0245   -0.0303   -0.0014   -0.0495    0.0023    0.0070


dP =

   -0.0001
   -0.0001
    0.0000
   -0.0005
   -0.0001
   -0.0072


P =

   -0.0003    0.0001    0.0002    0.0000    0.0024    0.0038


iterations =

    74


stepChange =

   1.0e-03 *

   -0.0123   -0.0119    0.0028   -0.0458   -0.0099   -0.6665


Funcval =

    0.0069


bound =

   1.8080e+03


C =

   1.0e+03 *

    1.0804         0         0         0         0         0
    0.6177    1.4714         0         0         0         0
   -0.2949   -0.0138    1.1754         0         0         0
   -0.1762   -0.1426    0.1480    0.8671         0         0
   -0.0279    0.0081   -0.0260   -0.0018    0.1056         0
   -0.0291   -0.0083   -0.0088   -0.0602    0.0106    0.0491


J =

    0.8332
  -20.0716
   -4.4894
   11.0668
  -11.3155
  -20.1992


H =

   1.0e+06 *

    1.1672    0.6673   -0.3187   -0.1904   -0.0302   -0.0314
    0.6673    2.5464   -0.2025   -0.3187   -0.0054   -0.0302
   -0.3187   -0.2025    1.4687    0.2279   -0.0225   -0.0016
   -0.1904   -0.3187    0.2279    0.8252   -0.0016   -0.0472
   -0.0302   -0.0054   -0.0225   -0.0016    0.0127    0.0022
   -0.0314   -0.0302   -0.0016   -0.0472    0.0022    0.0071


dP =

   -0.0002
   -0.0001
   -0.0000
   -0.0005
   -0.0002
   -0.0077


P =

   -0.0003    0.0001    0.0002   -0.0000    0.0023    0.0033


iterations =

    74


stepChange =

   1.0e-03 *

   -0.0178   -0.0076   -0.0000   -0.0387   -0.0177   -0.5708


Funcval =

    0.0070


bound =

   1.8727e+03


C =

   1.0e+03 *

    1.0634         0         0         0         0         0
    0.5896    1.5664         0         0         0         0
   -0.2759   -0.1420    1.2240         0         0         0
   -0.1812   -0.1191    0.1188    0.8556         0         0
   -0.0261    0.0007   -0.0197   -0.0065    0.1118         0
   -0.0420   -0.0019   -0.0123   -0.0546    0.0034    0.0424


J =

    0.7817
  -27.5410
    0.5563
   11.0693
  -13.8653
  -17.9360


H =

   1.0e+06 *

    1.1308    0.6270   -0.2934   -0.1927   -0.0278   -0.0447
    0.6270    2.8014   -0.3850   -0.2934   -0.0142   -0.0278
   -0.2934   -0.3850    1.5944    0.2123   -0.0170   -0.0032
   -0.1927   -0.2934    0.2123    0.7931   -0.0032   -0.0403
   -0.0278   -0.0142   -0.0170   -0.0032    0.0136    0.0021
   -0.0447   -0.0278   -0.0032   -0.0403    0.0021    0.0067


dP =

   -0.0005
   -0.0001
   -0.0001
   -0.0006
   -0.0008
   -0.0094


P =

   -0.0003    0.0001    0.0002   -0.0000    0.0024    0.0035


iterations =

    74


stepChange =

   1.0e-03 *

    0.0095    0.0015    0.0011    0.0121    0.0167    0.1919


Funcval =

    0.0069


bound =

   1.8781e+03


C =

   1.0e+03 *

    1.0788         0         0         0         0         0
    0.5823    1.5711         0         0         0         0
   -0.2722   -0.1437    1.2241         0         0         0
   -0.1931   -0.1153    0.1167    0.8677         0         0
   -0.0263   -0.0011   -0.0181   -0.0068    0.1126         0
   -0.0434   -0.0020   -0.0122   -0.0524    0.0032    0.0457


J =

    0.7098
  -25.3682
   -0.8783
   11.0431
  -11.7102
  -19.6304


H =

   1.0e+06 *

    1.1637    0.6282   -0.2936   -0.2083   -0.0284   -0.0468
    0.6282    2.8075   -0.3843   -0.2936   -0.0170   -0.0284
   -0.2936   -0.3843    1.5933    0.2120   -0.0149   -0.0028
   -0.2083   -0.2936    0.2120    0.8171   -0.0028   -0.0383
   -0.0284   -0.0170   -0.0149   -0.0028    0.0137    0.0021
   -0.0468   -0.0284   -0.0028   -0.0383    0.0021    0.0069


