close all; clear; clc; dicNR_temp
 
B =
 
[ P2 + 1,     P3, P1]
[     P5, P6 + 1, P4]
[      0,      0,  1]
 

elements =

    21


ans =

    21     5


ans =

    21     2

image 21
{Operation terminated by user during <a href="matlab:matlab.internal.language.introspective.errorDocCallback('dicNR_temp', 'D:\Work\Masters\DIC_Program\dicNR_temp.m', 157)" style="font-weight:bold">dicNR_temp</a> (<a href="matlab: opentoline('D:\Work\Masters\DIC_Program\dicNR_temp.m',157,0)">line 157</a>)
} 
close all; clear; clc; dicNR_temp
 
B =
 
[ P2 + 1,     P3, P1]
[     P5, P6 + 1, P4]
[      0,      0,  1]
 

elements =

    21


ans =

    21     5


ans =

    21     2

image 21

coofs =

  Columns 1 through 12

         799         800         801         802         803         804         805         806         807         808         809         810

  Columns 13 through 24

         811         812         813         814         815         816         817         818         819         820         821         822

  Columns 25 through 36

         823         824         825         826         827         828         829         830         831         832         833         834

  Columns 37 through 48

         835         836         837         838         839         840         841         842         843         844         845         846

  Columns 49 through 60

         847         848         849         850         851         852         853         854         855         856         857         858

  Columns 61 through 72

         859         860         861         862         863         864         865         866         867         868         869         870

  Columns 73 through 84

         871         872         873         874         875         876         877         878         879         954         955         956

  Columns 85 through 96

         957         958         959         960         961         962         963         964         965         966         967         968

  Columns 97 through 108

         969         970         971         972         973         974         975         976         977         978         979         980

  Columns 109 through 120

         981         982         983         984         985         986         987         988         989         990         991         992

  Columns 121 through 132

         993         994         995         996         997         998         999        1000        1001        1002        1003        1004

  Columns 133 through 144

        1005        1006        1007        1008        1009        1010        1011        1012        1013        1014        1015        1016

  Columns 145 through 156

        1017        1018        1019        1020        1021        1022        1023        1024        1025        1026        1027        1028

  Columns 157 through 162

        1029        1030        1031        1032        1033        1034

{Not enough input arguments.

Error in <a href="matlab:matlab.internal.language.introspective.errorDocCallback('NRtracking3_temp>getJac5_eff', 'D:\Work\Masters\DIC_Program\NRtracking3_temp.m', 1065)" style="font-weight:bold">NRtracking3_temp>getJac5_eff</a> (<a href="matlab: opentoline('D:\Work\Masters\DIC_Program\NRtracking3_temp.m',1065,0)">line 1065</a>)
			a=reshape(coef(floor(yp(i,j))-subpos(1)+1+stepsize,floor(xp(i,j))-subpos(2)+1+stepsize,:),[4,4]);

Error in <a href="matlab:matlab.internal.language.introspective.errorDocCallback('NRtracking3_temp', 'D:\Work\Masters\DIC_Program\NRtracking3_temp.m', 103)" style="font-weight:bold">NRtracking3_temp</a> (<a href="matlab: opentoline('D:\Work\Masters\DIC_Program\NRtracking3_temp.m',103,0)">line 103</a>)
	   			[G,f1]=getJac5_eff(coef,(P+(dP')*lambda1),dy,dx,x0,y0,F,1);

Error in <a href="matlab:matlab.internal.language.introspective.errorDocCallback('dicNR_temp', 'D:\Work\Masters\DIC_Program\dicNR_temp.m', 232)" style="font-weight:bold">dicNR_temp</a> (<a href="matlab: opentoline('D:\Work\Masters\DIC_Program\dicNR_temp.m',232,0)">line 232</a>)
				[PP(i,:),Corrr(i),iter(i)]=NRtracking3_temp('undeformed image',F_in,'deformed image',G_in,'subset
                size',subsize,'stepsize',stepsize,'subset
                position',subpos{process_order(i,2),process_order(i,3)},'guess',Proc.imnr{k-inc}.D(i,6:Pend),'coef',coef((subpos{process_order(i,2),process_order(i,3)}.coords(1)-stepsize):(subpos{process_order(i,2),process_order(i,3)}.coords(3)+stepsize),(subpos{process_order(i,2),process_order(i,3)}.coords(2)-stepsize):(subpos{process_order(i,2),process_order(i,3)}.coords(4)+stepsize),:));} 
close all; clear; clc; dicNR_temp
 
B =
 
[ P2 + 1,     P3, P1]
[     P5, P6 + 1, P4]
[      0,      0,  1]
 

elements =

    21


ans =

    21     5


ans =

    21     2

image 21

coofs =

  Columns 1 through 12

         799         800         801         802         803         804         805         806         807         808         809         810

  Columns 13 through 24

         811         812         813         814         815         816         817         818         819         820         821         822

  Columns 25 through 36

         823         824         825         826         827         828         829         830         831         832         833         834

  Columns 37 through 48

         835         836         837         838         839         840         841         842         843         844         845         846

  Columns 49 through 60

         847         848         849         850         851         852         853         854         855         856         857         858

  Columns 61 through 72

         859         860         861         862         863         864         865         866         867         868         869         870

  Columns 73 through 84

         871         872         873         874         875         876         877         878         879         954         955         956

  Columns 85 through 96

         957         958         959         960         961         962         963         964         965         966         967         968

  Columns 97 through 108

         969         970         971         972         973         974         975         976         977         978         979         980

  Columns 109 through 120

         981         982         983         984         985         986         987         988         989         990         991         992

  Columns 121 through 132

         993         994         995         996         997         998         999        1000        1001        1002        1003        1004

  Columns 133 through 144

        1005        1006        1007        1008        1009        1010        1011        1012        1013        1014        1015        1016

  Columns 145 through 156

        1017        1018        1019        1020        1021        1022        1023        1024        1025        1026        1027        1028

