close all; clear; clc; dicNR_temp
 
B =
 
[ P2 + 1,     P3, P1]
[     P5, P6 + 1, P4]
[      0,      0,  1]
 

elements =

    21


ans =

    21     5


ans =

    21     2

image 36

P =

    0.9361   -0.0002   -0.0000   -0.0621    0.0001   -0.0007


iterations =

    55


stepChange =

    0.0004    0.0000    0.0000    0.0058    0.0000   -0.0000


Funcval =

    0.0162


P =

    0.9365   -0.0002    0.0000   -0.0563    0.0001   -0.0007


iterations =

    55


stepChange =

    0.0004    0.0000    0.0000    0.0058    0.0000   -0.0000


Funcval =

    0.0159


P =

    0.9369   -0.0002    0.0000   -0.0505    0.0001   -0.0007


iterations =

    55


stepChange =

    0.0004    0.0000    0.0000    0.0058    0.0000   -0.0000


Funcval =

    0.0156


P =

    0.9373   -0.0002    0.0000   -0.0447    0.0001   -0.0007


iterations =

    55


stepChange =

    0.0004    0.0000    0.0000    0.0058    0.0000   -0.0000


Funcval =

    0.0153


P =

    0.9377   -0.0002    0.0000   -0.0389    0.0001   -0.0007


iterations =

    55


stepChange =

    0.0004    0.0000    0.0000    0.0058    0.0000   -0.0000


Funcval =

    0.0150


P =

    0.9381   -0.0002    0.0000   -0.0332    0.0001   -0.0007


iterations =

    55


stepChange =

    0.0004    0.0000    0.0000    0.0057   -0.0000   -0.0000


Funcval =

    0.0147


P =

    0.9385   -0.0002    0.0000   -0.0275    0.0001   -0.0007


iterations =

    55


stepChange =

    0.0004    0.0000    0.0000    0.0057   -0.0000   -0.0000


Funcval =

    0.0145


P =

    0.9389   -0.0002    0.0000   -0.0218    0.0001   -0.0007


iterations =

    55


stepChange =

    0.0004    0.0000    0.0000    0.0057   -0.0000   -0.0000


Funcval =

    0.0142


P =

    0.9392   -0.0002    0.0001   -0.0166    0.0001   -0.0007


iterations =

    55


stepChange =

    0.0003    0.0000    0.0000    0.0052   -0.0000   -0.0000


Funcval =

    0.0140


P =

    0.9392   -0.0002    0.0001   -0.0166    0.0001   -0.0007


iterations =

    55


stepChange =

   1.0e-13 *

    0.0072    0.0002    0.0001    0.1118   -0.0000   -0.0000


Funcval =

    0.0140


P =

    1.9009   -0.0002    0.0001   -0.0166    0.0001   -0.0007


iterations =

    55


stepChange =

    0.9616         0         0         0         0         0


Funcval =

    0.0216


P =

    1.9037   -0.0005    0.0001   -0.0468    0.0005   -0.0018


iterations =

    55


stepChange =

    0.0029   -0.0003    0.0000   -0.0302    0.0004   -0.0011


Funcval =

    0.0199


P =

    1.9055   -0.0006    0.0001   -0.0647    0.0006   -0.0020


iterations =

    55


stepChange =

    0.0018   -0.0001   -0.0000   -0.0178    0.0001   -0.0002


Funcval =

    0.0189


P =

    1.9070   -0.0006    0.0000   -0.0797    0.0006   -0.0021


iterations =

    55


stepChange =

    0.0015   -0.0001   -0.0000   -0.0150    0.0000   -0.0001


Funcval =

    0.0181


P =

    1.9084   -0.0007    0.0000   -0.0930    0.0007   -0.0021


iterations =

    55


stepChange =

    0.0014   -0.0000   -0.0000   -0.0133    0.0000   -0.0000


Funcval =

    0.0173


P =

    1.9096   -0.0007    0.0000   -0.1050    0.0007   -0.0021


iterations =

    55


stepChange =

    0.0013   -0.0000   -0.0000   -0.0120    0.0000   -0.0000


Funcval =

    0.0166


P =

    1.9108   -0.0008    0.0000   -0.1160    0.0007   -0.0021


iterations =

    55


stepChange =

    0.0012   -0.0000   -0.0000   -0.0110    0.0000    0.0000


Funcval =

    0.0160


P =

    1.9119   -0.0008   -0.0000   -0.1262    0.0007   -0.0021


iterations =

    55


stepChange =

    0.0011   -0.0000   -0.0000   -0.0102   -0.0000    0.0000


Funcval =

    0.0155


P =

    1.9129   -0.0008   -0.0000   -0.1358    0.0007   -0.0021


iterations =

    55


stepChange =

    0.0010   -0.0000   -0.0000   -0.0096   -0.0000    0.0000


Funcval =

    0.0149


P =

    1.9139   -0.0008   -0.0000   -0.1449    0.0006   -0.0020


iterations =

    55


stepChange =

    0.0010   -0.0000   -0.0000   -0.0090   -0.0000    0.0000


Funcval =

    0.0145


P =

    1.9148   -0.0008   -0.0000   -0.1535    0.0006   -0.0020


iterations =

    55


stepChange =

    0.0009   -0.0000   -0.0000   -0.0086   -0.0000    0.0000


Funcval =

    0.0140


P =

    1.9157   -0.0008   -0.0000   -0.1616    0.0006   -0.0020


iterations =

    55


stepChange =

    0.0009   -0.0000   -0.0000   -0.0081   -0.0000    0.0000


Funcval =

    0.0136


P =

    1.9166   -0.0008   -0.0000   -0.1694    0.0006   -0.0019


iterations =

    55


stepChange =

    0.0009   -0.0000   -0.0000   -0.0078   -0.0000    0.0000


Funcval =

    0.0132


P =

    1.9174   -0.0008   -0.0000   -0.1768    0.0006   -0.0019


iterations =

    55


stepChange =

    0.0008   -0.0000   -0.0000   -0.0074   -0.0000    0.0000


Funcval =

    0.0128


P =

    1.9182   -0.0008   -0.0001   -0.1840    0.0006   -0.0019


iterations =

    55


stepChange =

    0.0008   -0.0000   -0.0000   -0.0071   -0.0000    0.0000


Funcval =

    0.0124


P =

    1.9190   -0.0008   -0.0001   -0.1908    0.0006   -0.0018


iterations =

    55


stepChange =

    0.0008   -0.0000   -0.0000   -0.0069   -0.0000    0.0000


Funcval =

    0.0121


P =

    1.9197   -0.0008   -0.0001   -0.1974    0.0005   -0.0018


iterations =

    55


stepChange =

    0.0007    0.0000   -0.0000   -0.0066   -0.0000    0.0000


Funcval =

    0.0117


P =

    1.9205   -0.0008   -0.0001   -0.2038    0.0005   -0.0018


iterations =

    55


stepChange =

    0.0007    0.0000   -0.0000   -0.0064   -0.0000    0.0000


Funcval =

    0.0114


P =

    1.9212   -0.0008   -0.0001   -0.2100    0.0005   -0.0017


iterations =

    55


stepChange =

    0.0007    0.0000   -0.0000   -0.0062   -0.0000    0.0000


Funcval =

    0.0111


P =

    1.9218   -0.0008   -0.0001   -0.2160    0.0005   -0.0017


iterations =

    55


stepChange =

    0.0007    0.0000   -0.0000   -0.0060   -0.0000    0.0000


Funcval =

    0.0108


P =

    1.9225   -0.0008   -0.0001   -0.2218    0.0005   -0.0017


iterations =

    55


stepChange =

    0.0007    0.0000   -0.0000   -0.0058   -0.0000    0.0000


Funcval =

    0.0106


P =

    1.9232   -0.0008   -0.0001   -0.2274    0.0005   -0.0017


iterations =

    55


stepChange =

    0.0007    0.0000   -0.0000   -0.0056   -0.0000    0.0000


Funcval =

    0.0103


P =

    1.9238   -0.0008   -0.0001   -0.2329    0.0005   -0.0016


iterations =

    55


stepChange =

    0.0006    0.0000   -0.0000   -0.0055   -0.0000    0.0000


Funcval =

    0.0100


P =

    1.9244   -0.0008   -0.0001   -0.2382    0.0004   -0.0016


iterations =

    55


stepChange =

    0.0006    0.0000   -0.0000   -0.0053   -0.0000    0.0000


Funcval =

    0.0098


P =

    1.9250   -0.0008   -0.0001   -0.2433    0.0004   -0.0016


iterations =

    55


stepChange =

    0.0006    0.0000   -0.0000   -0.0052   -0.0000    0.0000


Funcval =

    0.0096


P =

    1.9256   -0.0008   -0.0001   -0.2484    0.0004   -0.0015


iterations =

    55


stepChange =

    0.0006    0.0000   -0.0000   -0.0050   -0.0000    0.0000


Funcval =

    0.0093


P =

    1.9262   -0.0008   -0.0001   -0.2533    0.0004   -0.0015


iterations =

    55


stepChange =

    0.0006    0.0000   -0.0000   -0.0049   -0.0000    0.0000


Funcval =

    0.0091


P =

    1.9268   -0.0008   -0.0001   -0.2581    0.0004   -0.0015


iterations =

    55


stepChange =

    0.0006    0.0000   -0.0000   -0.0048   -0.0000    0.0000


Funcval =

    0.0089


P =

    1.9273   -0.0008   -0.0001   -0.2627    0.0004   -0.0015


iterations =

    55


stepChange =

    0.0006    0.0000   -0.0000   -0.0047   -0.0000    0.0000


Funcval =

    0.0087


P =

    1.9279   -0.0008   -0.0001   -0.2673    0.0004   -0.0014


iterations =

    55


stepChange =

    0.0005    0.0000   -0.0000   -0.0046   -0.0000    0.0000


Funcval =

    0.0085


P =

    1.9284   -0.0008   -0.0001   -0.2717    0.0003   -0.0014


iterations =

    55


