close all; clear; clc; dicNR_temp
 
B =
 
[ P2 + 1,     P3, P1]
[     P5, P6 + 1, P4]
[      0,      0,  1]
 

elements =

    21


ans =

    21     5


ans =

    21     2

image 6

P =

   1.0e-10 *

    0.1980         0         0         0         0         0


stepChange =

   1.0e-10 *

    0.1980         0         0         0         0         0


Funcval =

    0.0019


dP_check =

     0     0     0     0     0     0
     0   NaN   NaN   Inf   NaN   NaN


P =

   1.0e-10 *

    0.1980         0         0    0.1980         0         0


stepChange =

   1.0e-10 *

         0         0         0    0.1980         0         0


Funcval =

    0.0019


dP_check =

   1.0e-04 *

         0         0         0         0         0         0
         0       NaN       NaN       Inf       NaN       NaN
      -Inf       Inf       Inf   -0.1487      -Inf      -Inf


P =

   -0.0009    0.0000    0.0001   -0.0015   -0.0000   -0.0000


stepChange =

   -0.0009    0.0000    0.0001   -0.0015   -0.0000   -0.0000


Funcval =

    0.0058


dP_check =

         0         0         0         0         0         0
         0       NaN       NaN       Inf       NaN       NaN
      -Inf       Inf       Inf   -0.0000      -Inf      -Inf
   -0.0178   24.7998   11.3103    2.0867   34.3301   20.0054


P =

   -0.0009    0.0000    0.0000   -0.0014   -0.0000   -0.0000


stepChange =

   1.0e-04 *

   -0.0039   -0.0982   -0.1497    0.7504    0.1306    0.1845


Funcval =

    0.0019


dP_check =

         0         0         0         0         0         0
         0       NaN       NaN       Inf       NaN       NaN
      -Inf       Inf       Inf   -0.0000      -Inf      -Inf
   -0.0178   24.7998   11.3103    2.0867   34.3301   20.0054
  -50.7596    0.0424    0.0837    0.4346    0.0295    0.0475


P =

   -0.0009    0.0000    0.0000   -0.0014   -0.0000   -0.0000


stepChange =

   1.0e-13 *

   -0.2397    0.0051    0.0154   -0.3996   -0.0047   -0.0107


Funcval =

    0.0019


PP =

   -0.0009    0.0000    0.0000   -0.0014   -0.0000   -0.0000


Corrr =

    0.0019


iter =

     5

Elapsed time is 40.668817 seconds.

P =

   -0.0058    0.0000    0.0000   -0.0014   -0.0000   -0.0000


stepChange =

   -0.0049         0         0         0         0         0


Funcval =

    0.0026


dP_check =

     0     0     0     0     0     0
     0   NaN   NaN   Inf   NaN   NaN


P =

   -0.0058    0.0000    0.0000   -0.0193   -0.0000   -0.0000


stepChange =

         0         0         0   -0.0179         0         0


Funcval =

    0.0025


dP_check =

   1.0e-05 *

         0         0         0         0         0         0
         0       NaN       NaN       Inf       NaN       NaN
      -Inf       Inf      -Inf    0.5186      -Inf       Inf


P =

   -0.0063    0.0001   -0.0000   -0.0188   -0.0000    0.0000


stepChange =

   1.0e-03 *

   -0.4922    0.0483   -0.0734    0.5186   -0.0034    0.0634


Funcval =

    0.0025


dP_check =

         0         0         0         0         0         0
         0       NaN       NaN       Inf       NaN       NaN
      -Inf       Inf      -Inf    0.0000      -Inf       Inf
    0.8939    0.8976    0.8978    0.8827    0.8782    0.8810


P =

   -0.0067    0.0001   -0.0001   -0.0184   -0.0000    0.0001


stepChange =

   1.0e-03 *

   -0.4400    0.0434   -0.0659    0.4578   -0.0030    0.0559


Funcval =

    0.0025


dP_check =

         0         0         0         0         0         0
         0       NaN       NaN       Inf       NaN       NaN
      -Inf       Inf      -Inf    0.0000      -Inf       Inf
    0.8939    0.8976    0.8978    0.8827    0.8782    0.8810
    0.8943    0.8978    0.8980    0.8822    0.8761    0.8808


P =

   -0.0071    0.0001   -0.0002   -0.0180   -0.0000    0.0001


stepChange =

   1.0e-03 *

   -0.3935    0.0389   -0.0592    0.4038   -0.0026    0.0492


Funcval =

    0.0025


dP_check =

         0         0         0         0         0         0
         0       NaN       NaN       Inf       NaN       NaN
      -Inf       Inf      -Inf    0.0000      -Inf       Inf
    0.8939    0.8976    0.8978    0.8827    0.8782    0.8810
    0.8943    0.8978    0.8980    0.8822    0.8761    0.8808
    0.8947    0.8979    0.8981    0.8819    0.8743    0.8806


P =

   -0.0074    0.0002   -0.0002   -0.0177   -0.0000    0.0002


stepChange =

   1.0e-03 *

   -0.2900    0.0288   -0.0438    0.2933   -0.0019    0.0357


Funcval =

    0.0025


dP_check =

         0         0         0         0         0         0
         0       NaN       NaN       Inf       NaN       NaN
      -Inf       Inf      -Inf    0.0000      -Inf       Inf
    0.8939    0.8976    0.8978    0.8827    0.8782    0.8810
    0.8943    0.8978    0.8980    0.8822    0.8761    0.8808
    0.8947    0.8979    0.8981    0.8819    0.8743    0.8806
    0.9135    0.9160    0.9161    0.9024    0.8952    0.9015


P =

   -0.0074    0.0002   -0.0002   -0.0177   -0.0000    0.0002


stepChange =

   1.0e-14 *

   -0.6148    0.0612   -0.0931    0.6143   -0.0039    0.0747


Funcval =

    0.0025


PP =

   -0.0009    0.0000    0.0000   -0.0014   -0.0000   -0.0000
   -0.0074    0.0002   -0.0002   -0.0177   -0.0000    0.0002


Corrr =

    0.0019    0.0025


iter =

     5     7


P =

   -0.0074    0.0002   -0.0002   -0.0177   -0.0000    0.0002


stepChange =

   1.0e-10 *

   -0.1980         0         0         0         0         0


Funcval =

    0.0019


dP_check =

     0     0     0     0     0     0
     0   NaN   NaN   Inf   NaN   NaN


P =

   -0.0074    0.0002   -0.0002   -0.0160   -0.0000    0.0002


stepChange =

         0         0         0    0.0017         0         0


Funcval =

    0.0019


dP_check =

   1.0e-06 *

         0         0         0         0         0         0
         0       NaN       NaN       Inf       NaN       NaN
      -Inf      -Inf       Inf   -0.4899       Inf       Inf


P =

   -0.0078    0.0002   -0.0001   -0.0160    0.0001    0.0002


stepChange =

   1.0e-03 *

   -0.3866   -0.0013    0.0589   -0.0490    0.1239    0.0080


Funcval =

    0.0019


dP_check =

         0         0         0         0         0         0
         0       NaN       NaN       Inf       NaN       NaN
      -Inf      -Inf       Inf   -0.0000       Inf       Inf
    0.8906    0.9588    0.8969    0.7803    0.8783    0.8803

{Operation terminated by user during <a href="matlab:matlab.internal.language.introspective.errorDocCallback('NRtracking3_temp>getJac6', 'D:\Work\Masters\DIC_Program\NRtracking3_temp.m', 724)" style="font-weight:bold">NRtracking3_temp>getJac6</a> (<a href="matlab: opentoline('D:\Work\Masters\DIC_Program\NRtracking3_temp.m',724,0)">line 724</a>)


In <a href="matlab:matlab.internal.language.introspective.errorDocCallback('NRtracking3_temp', 'D:\Work\Masters\DIC_Program\NRtracking3_temp.m', 144)" style="font-weight:bold">NRtracking3_temp</a> (<a href="matlab: opentoline('D:\Work\Masters\DIC_Program\NRtracking3_temp.m',144,0)">line 144</a>)
					f1=f2;

In <a href="matlab:matlab.internal.language.introspective.errorDocCallback('dicNR_temp', 'D:\Work\Masters\DIC_Program\dicNR_temp.m', 201)" style="font-weight:bold">dicNR_temp</a> (<a href="matlab: opentoline('D:\Work\Masters\DIC_Program\dicNR_temp.m',201,0)">line 201</a>)
				[PP(i,:),Corrr(i),iter(i)]=NRtracking3_temp('undeformed image',F_in,'deformed image',G_in,'subset size',subsize,'subset
                position',subpos{process_order(i,2),process_order(i,3)},'guess',PP(best_guess,:),'coef',coef)
} 
close all; clear; clc; dicNR_temp
 
B =
 
[ P2 + 1,     P3, P1]
[     P5, P6 + 1, P4]
[      0,      0,  1]
 

elements =

    21


ans =

    21     5


ans =

    21     2

image 6

P =

   1.0e-10 *

    0.1980         0         0         0         0         0


stepChange =

   1.0e-10 *

    0.1980         0         0         0         0         0


Funcval =

    0.0019


dP_check =

     0     0     0     0     0     0
     0   NaN   NaN   Inf   NaN   NaN


