close all; clear; clc; dicNR_temp
 
B =
 
[ P2 + 1,     P3, P1]
[     P5, P6 + 1, P4]
[      0,      0,  1]
 

elements =

    21


ans =

    21     5


ans =

    21     2

image 18

coefficient_time =

  165.1339


P =

   1.0e-03 *

   -0.3824   -0.0018    0.0003   -0.1825   -0.0079   -0.0010


iterations =

    74


stepChange =

   1.0e-15 *

    0.0712    0.0001   -0.0002   -0.3383    0.0010   -0.0012


Funcval =

    0.0035


P_store =

   1.0e-03 *

   -0.3824   -0.0018    0.0003   -0.1825   -0.0079   -0.0010


dP_store =

   1.0e-03 *

   -0.0475   -0.0001    0.0001    0.2258   -0.0006    0.0008


PP =

   1.0e-03 *

         0         0         0         0         0         0
         0         0         0         0         0         0
         0         0         0         0         0         0
   -0.3824   -0.0018    0.0003   -0.1825   -0.0079   -0.0010


Corrr =

         0         0         0    0.0035


iter =

     0     0     0     1

{Undefined function or variable 'j'.

Error in <a href="matlab:matlab.internal.language.introspective.errorDocCallback('dicNR_temp', 'D:\Work\Masters\DIC_Program\dicNR_temp.m', 226)" style="font-weight:bold">dicNR_temp</a> (<a href="matlab: opentoline('D:\Work\Masters\DIC_Program\dicNR_temp.m',226,0)">line 226</a>)
				Proc.imnr{k}.D(j,6:Pend)=PP(j,:);
} 
close all; clear; clc; dicNR_temp
 
B =
 
[ P2 + 1,     P3, P1]
[     P5, P6 + 1, P4]
[      0,      0,  1]
 

elements =

    21


ans =

    21     5


ans =

    21     2

image 18

P =

   1.0e-03 *

   -0.3824   -0.0018    0.0003   -0.1825   -0.0079   -0.0010


iterations =

    74


stepChange =

   1.0e-15 *

    0.0712    0.0001   -0.0002   -0.3383    0.0010   -0.0012


Funcval =

    0.0035


P_store =

   1.0e-03 *

   -0.3824   -0.0018    0.0003   -0.1825   -0.0079   -0.0010


dP_store =

   1.0e-03 *

   -0.0475   -0.0001    0.0001    0.2258   -0.0006    0.0008


PP =

   1.0e-03 *

         0         0         0         0         0         0
         0         0         0         0         0         0
         0         0         0         0         0         0
   -0.3824   -0.0018    0.0003   -0.1825   -0.0079   -0.0010


Corrr =

         0         0         0    0.0035


iter =

     0     0     0     1


total_time =

   25.8137

image 20

coefficient_time =

  161.2347


P =

   1.0e-03 *

   -0.3824   -0.0018    0.0003   -0.1825   -0.0079   -0.0010


iterations =

    74


stepChange =

   1.0e-15 *

   -0.0653    0.0007    0.0003    0.3833   -0.0001    0.0004


Funcval =

    0.0072


P =

   1.0e-03 *

   -0.3824   -0.0018    0.0003   -0.1825   -0.0079   -0.0010


iterations =

    74


stepChange =

   1.0e-19 *

    0.0265   -0.0003   -0.0002   -0.1547    0.0001   -0.0002


Funcval =

    0.0072


P =

   1.0e-03 *

   -0.3824   -0.0018    0.0003   -0.1825   -0.0079   -0.0010


iterations =

    74


stepChange =

   1.0e-19 *

    0.0265   -0.0003   -0.0002   -0.1547    0.0001   -0.0002


Funcval =

    0.0072


P =

   1.0e-03 *

   -0.3824   -0.0018    0.0003   -0.1825   -0.0079   -0.0010


iterations =

    74


stepChange =

   1.0e-19 *

    0.0265   -0.0003   -0.0002   -0.1547    0.0001   -0.0002


Funcval =

    0.0072


P =

   1.0e-03 *

   -0.3824   -0.0018    0.0003   -0.1825   -0.0079   -0.0010


iterations =

    74


stepChange =

   1.0e-19 *

    0.0265   -0.0003   -0.0002   -0.1547    0.0001   -0.0002


Funcval =

    0.0072


P =

   1.0e-03 *

   -0.3824   -0.0018    0.0003   -0.1825   -0.0079   -0.0010


iterations =

    74


stepChange =

   1.0e-19 *

    0.0265   -0.0003   -0.0002   -0.1547    0.0001   -0.0002


Funcval =

    0.0072


P =

   1.0e-03 *

   -0.3824   -0.0018    0.0003   -0.1825   -0.0079   -0.0010


iterations =

    74


stepChange =

   1.0e-19 *

    0.0265   -0.0003   -0.0002   -0.1547    0.0001   -0.0002


Funcval =

    0.0072


P =

   1.0e-03 *

   -0.3824   -0.0018    0.0003   -0.1825   -0.0079   -0.0010


iterations =

    74


stepChange =

   1.0e-19 *

    0.0265   -0.0003   -0.0002   -0.1547    0.0001   -0.0002


Funcval =

    0.0072


P =

   1.0e-03 *

   -0.3824   -0.0018    0.0003   -0.1825   -0.0079   -0.0010


iterations =

    74


stepChange =

   1.0e-19 *

    0.0265   -0.0003   -0.0002   -0.1547    0.0001   -0.0002


Funcval =

    0.0072


P =

   1.0e-03 *

   -0.3824   -0.0018    0.0003   -0.1825   -0.0079   -0.0010


iterations =

    74


stepChange =

   1.0e-19 *

    0.0265   -0.0003   -0.0002   -0.1547    0.0001   -0.0002


Funcval =

    0.0072


P =

   1.0e-03 *

   -0.3824   -0.0018    0.0003   -0.1825   -0.0079   -0.0010


iterations =

    74


stepChange =

   1.0e-19 *

    0.0263   -0.0003   -0.0001   -0.1546    0.0000   -0.0002


Funcval =

    0.0072


P =

   1.0e-03 *

   -0.3824   -0.0018    0.0003   -0.1825   -0.0079   -0.0010


iterations =

    74


stepChange =

   1.0e-19 *

    0.0263   -0.0003   -0.0001   -0.1546    0.0000   -0.0002


Funcval =

    0.0072


P =

   1.0e-03 *

   -0.3824   -0.0018    0.0003   -0.1825   -0.0079   -0.0010


iterations =

    74


stepChange =

   1.0e-19 *

    0.0263   -0.0003   -0.0001   -0.1546    0.0000   -0.0002


Funcval =

    0.0072


P =

   1.0e-03 *

   -0.3824   -0.0018    0.0003   -0.1825   -0.0079   -0.0010


iterations =

    74


stepChange =

   1.0e-19 *

    0.0263   -0.0003   -0.0001   -0.1546    0.0000   -0.0002


Funcval =

    0.0072


P =

   1.0e-03 *

   -0.3824   -0.0018    0.0003   -0.1825   -0.0079   -0.0010


iterations =

    74


stepChange =

   1.0e-19 *

    0.0263   -0.0003   -0.0001   -0.1546    0.0000   -0.0002


Funcval =

    0.0072


P =

   1.0e-03 *

   -0.3824   -0.0018    0.0003   -0.1825   -0.0079   -0.0010


iterations =

    74


stepChange =

   1.0e-19 *

    0.0263   -0.0003   -0.0001   -0.1546    0.0000   -0.0002


Funcval =

    0.0072


P =

   1.0e-03 *

   -0.3824   -0.0018    0.0003   -0.1825   -0.0079   -0.0010


iterations =

    74


stepChange =

   1.0e-19 *

    0.0263   -0.0003   -0.0001   -0.1546    0.0000   -0.0002


Funcval =

    0.0072


P =

   1.0e-03 *

   -0.3824   -0.0018    0.0003   -0.1825   -0.0079   -0.0010


iterations =

    74


stepChange =

   1.0e-19 *

    0.0263   -0.0003   -0.0001   -0.1546    0.0000   -0.0002


Funcval =

    0.0072

{Operation terminated by user during <a href="matlab:matlab.internal.language.introspective.errorDocCallback('HessianStandard', 'D:\Work\Masters\DIC_Program\HessianStandard.m', 21)" style="font-weight:bold">HessianStandard</a> (<a href="matlab: opentoline('D:\Work\Masters\DIC_Program\HessianStandard.m',21,0)">line 21</a>)


In <a href="matlab:matlab.internal.language.introspective.errorDocCallback('NRtracking3_temp>getJac6', 'D:\Work\Masters\DIC_Program\NRtracking3_temp.m', 713)" style="font-weight:bold">NRtracking3_temp>getJac6</a> (<a href="matlab: opentoline('D:\Work\Masters\DIC_Program\NRtracking3_temp.m',713,0)">line 713</a>)
			Hess=(HessianStandard(coef(floor(yp(i,j)),floor(xp(i,j)),:),P',dx(i,j),dy(i,j),X,Y));

In <a href="matlab:matlab.internal.language.introspective.errorDocCallback('NRtracking3_temp', 'D:\Work\Masters\DIC_Program\NRtracking3_temp.m', 111)" style="font-weight:bold">NRtracking3_temp</a> (<a href="matlab: opentoline('D:\Work\Masters\DIC_Program\NRtracking3_temp.m',111,0)">line 111</a>)
					[G,J,H,f2]=getJac6(coef,(P+(dP')*lambda2),dy,dx,x0,y0,F);

In <a href="matlab:matlab.internal.language.introspective.errorDocCallback('dicNR_temp', 'D:\Work\Masters\DIC_Program\dicNR_temp.m', 219)" style="font-weight:bold">dicNR_temp</a> (<a href="matlab: opentoline('D:\Work\Masters\DIC_Program\dicNR_temp.m',219,0)">line 219</a>)
				[PP(i,:),Corrr(i),iter(i)]=NRtracking3_temp('undeformed image',F_in,'deformed image',G_in,'subset size',subsize,'subset
                position',subpos{process_order(i,2),process_order(i,3)},'guess',Proc.imnr{k-inc}.D(i,6:Pend),'coef',coef)
} 
clc
diary('checkthisout41.txt')
