close all; clear; clc; dicNR_temp
 
B =
 
[ P2 + 1,     P3, P1]
[     P5, P6 + 1, P4]
[      0,      0,  1]
 

elements =

    21


ans =

    21     5


ans =

    21     2

image 6

coefficient_time =

  106.0149


bound =

   5.7110e+03


C =

   1.0e+03 *

    4.8747         0         0         0         0         0
   -0.0923    0.3503         0         0         0         0
    0.0398    0.4190    3.2487         0         0         0
   -0.4414    0.0577   -0.0182    4.1470         0         0
   -0.0108   -0.1472   -0.0262    0.5633    2.9459         0
    0.0125   -0.0235   -0.0127   -0.1011    0.0511    0.2864


H =

   1.0e+07 *

    0.0131   -0.0450    0.0143   -0.0009    0.0061   -0.0051
   -0.0450    2.3763    0.0194    0.0061   -0.2152   -0.0053
    0.0143    0.0194    1.0731   -0.0051   -0.0053   -0.0147
   -0.0009    0.0061   -0.0051    0.0096   -0.0426    0.0097
    0.0061   -0.2152   -0.0053   -0.0426    1.7396    0.2333
   -0.0051   -0.0053   -0.0147    0.0097    0.2333    0.9018


H =

   1.0e+07 *

    2.3763   -0.0450    0.0194   -0.2152   -0.0053    0.0061
   -0.0450    0.0131    0.0143    0.0061   -0.0051   -0.0009
    0.0194    0.0143    1.0731   -0.0053   -0.0147   -0.0051
   -0.2152    0.0061   -0.0053    1.7396    0.2333   -0.0426
   -0.0053   -0.0051   -0.0147    0.2333    0.9018    0.0097
    0.0061   -0.0009   -0.0051   -0.0426    0.0097    0.0096


Funcval =

    0.1010


bound =

   3.3871e+03


C =

   1.0e+03 *

    2.7003         0         0         0         0         0
   -3.6192    3.8035         0         0         0         0
    0.6855   -1.2812    2.4098         0         0         0
    0.6204   -1.0771    3.5174    2.8050         0         0
    0.0003    0.0044   -0.0244   -0.0486    0.1974         0
   -0.1660    0.1277    0.0280    0.0231   -0.0757    0.1075

row: 2 col: 1

C =

   1.0e+03 *

    0.1323         0         0         0         0         0
   -0.1774    3.8035         0         0         0         0
    0.0336   -1.2812    2.4098         0         0         0
    0.0304   -1.0771    3.5174    2.8050         0         0
    0.0000    0.0044   -0.0244   -0.0486    0.1974         0
   -0.0081    0.1277    0.0280    0.0231   -0.0757    0.1075

row: 2 col: 2

C =

   1.0e+03 *

    0.1323         0         0         0         0         0
   -0.1774    0.1323         0         0         0         0
    0.0336   -0.0446    2.4098         0         0         0
    0.0304   -0.0375    3.5174    2.8050         0         0
    0.0000    0.0002   -0.0244   -0.0486    0.1974         0
   -0.0081    0.0044    0.0280    0.0231   -0.0757    0.1075

row: 4 col: 3

C =

   1.0e+03 *

    0.1323         0         0         0         0         0
   -0.1774    0.1323         0         0         0         0
    0.0336   -0.0446    0.0561         0         0         0
    0.0304   -0.0375    0.0819    2.8050         0         0
    0.0000    0.0002   -0.0006   -0.0486    0.1974         0
   -0.0081    0.0044    0.0007    0.0231   -0.0757    0.1075


H =

   1.0e+06 *

    0.0168   -0.4482    0.1152    0.0139    0.0008   -0.0178
   -0.4482    7.2919   -9.7730    0.0008    1.6754    1.8512
    0.1152   -9.7730   -1.3681   -0.0178    1.8512    2.3919
    0.0139    0.0008   -0.0178   -0.0372   -0.0457    0.0646
    0.0008    1.6754    1.8512   -0.0457   -5.2792   -9.4307
   -0.0178    1.8512    2.3919    0.0646   -9.4307   -6.9786


H =

   1.0e+06 *

    0.0175   -0.0235    0.0044    0.0040    0.0000   -0.0011
   -0.0235    0.0490   -0.0119   -0.0104    0.0000    0.0020
    0.0044   -0.0119    0.0063    0.0073   -0.0000   -0.0004
    0.0040   -0.0104    0.0073    7.8769   -0.1364    0.0645
    0.0000    0.0000   -0.0000   -0.1364    0.0413   -0.0161
   -0.0011    0.0020   -0.0004    0.0645   -0.0161    0.0179


Funcval =

    0.1153


bound =

   4.7067e+03


C =

   1.0e+03 *

    4.3902         0         0         0         0         0
   -0.0623    0.3272         0         0         0         0
    0.4904    0.3263    3.1230         0         0         0
    0.4080   -0.1041    0.1046    1.7042         0         0
    0.1122   -0.0345    0.7035    1.0579    1.0696         0
   -0.0136    0.0398   -0.0079    0.0604   -0.1129    0.0781


H =

   1.0e+07 *

    0.0111   -0.0274    0.0076    0.0014   -0.0060   -0.0018
   -0.0274    1.9274    0.2153   -0.0060    0.1791    0.0493
    0.0076    0.2153    1.0100   -0.0018    0.0493    0.2241
    0.0014   -0.0060   -0.0018    0.0012    0.0092   -0.0065
   -0.0060    0.1791    0.0493    0.0092    0.3092    0.1926
   -0.0018    0.0493    0.2241   -0.0065    0.1926    0.2772


H =

   1.0e+07 *

    1.9274   -0.0274    0.2153    0.1791    0.0493   -0.0060
   -0.0274    0.0111    0.0076   -0.0060   -0.0018    0.0014
    0.2153    0.0076    1.0100    0.0493    0.2241   -0.0018
    0.1791   -0.0060    0.0493    0.3092    0.1926    0.0092
    0.0493   -0.0018    0.2241    0.1926    0.2772   -0.0065
   -0.0060    0.0014   -0.0018    0.0092   -0.0065    0.0024


Funcval =

    0.0707


bound =

   5.8237e+03


C =

   1.0e+03 *

    5.1032         0         0         0         0         0
   -0.0597    0.3651         0         0         0         0
    0.2073    0.2395    3.2157         0         0         0
   -0.0205   -0.0958    0.1876    3.4429         0         0
   -0.1659   -0.0840   -0.0155    0.5610    3.8119         0
   -0.0041    0.0032   -0.0105    0.0659   -0.0087    0.3090


H =

   1.0e+07 *

    0.0137   -0.0305    0.0075    0.0001   -0.0021   -0.0034
   -0.0305    2.6043    0.1058   -0.0021   -0.0847   -0.0104
    0.0075    0.1058    1.0441   -0.0034   -0.0104    0.0576
    0.0001   -0.0021   -0.0034    0.0100    0.0004    0.0225
   -0.0021   -0.0847   -0.0104    0.0004    1.4880    0.1940
   -0.0034   -0.0104    0.0576    0.0225    0.1940    1.1898


H =

   1.0e+07 *

    2.6043   -0.0305    0.1058   -0.0104   -0.0847   -0.0021
   -0.0305    0.0137    0.0075   -0.0034   -0.0021    0.0001
    0.1058    0.0075    1.0441    0.0576   -0.0104   -0.0034
   -0.0104   -0.0034    0.0576    1.1898    0.1940    0.0225
   -0.0847   -0.0021   -0.0104    0.1940    1.4880    0.0004
   -0.0021    0.0001   -0.0034    0.0225    0.0004    0.0100


Funcval =

    0.0695


bound =

   5.8344e+03


C =

   1.0e+03 *

    5.1196         0         0         0         0         0
   -0.0543    0.3668         0         0         0         0
    0.2006    0.2006    3.2688         0         0         0
   -0.0154   -0.1145    0.2291    3.3690         0         0
   -0.1778   -0.0833   -0.0080    0.5795    3.8265         0
   -0.0041    0.0038   -0.0126    0.0647   -0.0141    0.3085


H =

   1.0e+07 *

    0.0138   -0.0278    0.0063    0.0002   -0.0021   -0.0041
   -0.0278    2.6211    0.1027   -0.0021   -0.0910   -0.0079
    0.0063    0.1027    1.0765   -0.0041   -0.0079    0.0723
    0.0002   -0.0021   -0.0041    0.0100   -0.0016    0.0215
   -0.0021   -0.0910   -0.0079   -0.0016    1.5017    0.1963
   -0.0041   -0.0079    0.0723    0.0215    0.1963    1.1416


H =

   1.0e+07 *

    2.6211   -0.0278    0.1027   -0.0079   -0.0910   -0.0021
   -0.0278    0.0138    0.0063   -0.0041   -0.0021    0.0002
    0.1027    0.0063    1.0765    0.0723   -0.0079   -0.0041
   -0.0079   -0.0041    0.0723    1.1416    0.1963    0.0215
   -0.0910   -0.0021   -0.0079    0.1963    1.5017   -0.0016
   -0.0021    0.0002   -0.0041    0.0215   -0.0016    0.0100


Funcval =

    0.0696


bound =

   5.8424e+03


C =

   1.0e+03 *

    5.1681         0         0         0         0         0
   -0.0649    0.3669         0         0         0         0
    0.0608    0.0155    3.2329         0         0         0
   -0.0150   -0.1065    0.2569    3.2244         0         0
   -0.1520   -0.0785   -0.0207    0.5800    3.8585         0
   -0.0037    0.0043   -0.0117    0.0755   -0.0201    0.3025


H =

   1.0e+07 *

    0.0139   -0.0335    0.0002    0.0002   -0.0019   -0.0038
   -0.0335    2.6709    0.0314   -0.0019   -0.0785   -0.0077
    0.0002    0.0314    1.0455   -0.0038   -0.0077    0.0828
    0.0002   -0.0019   -0.0038    0.0098   -0.0033    0.0240
   -0.0019   -0.0785   -0.0077   -0.0033    1.5254    0.1875
   -0.0038   -0.0077    0.0828    0.0240    0.1875    1.0474


H =

   1.0e+07 *

    2.6709   -0.0335    0.0314   -0.0077   -0.0785   -0.0019
   -0.0335    0.0139    0.0002   -0.0038   -0.0019    0.0002
    0.0314    0.0002    1.0455    0.0828   -0.0077   -0.0038
   -0.0077   -0.0038    0.0828    1.0474    0.1875    0.0240
   -0.0785   -0.0019   -0.0077    0.1875    1.5254   -0.0033
   -0.0019    0.0002   -0.0038    0.0240   -0.0033    0.0098


Funcval =

    0.0697


bound =

   5.9151e+03


C =

   1.0e+03 *

    5.2305         0         0         0         0         0
   -0.0691    0.3690         0         0         0         0
    0.0486    0.0405    3.2506         0         0         0
    0.0094   -0.1236    0.2874    3.2439         0         0
   -0.1650   -0.0602    0.0183    0.5754    3.9353         0
   -0.0021    0.0048   -0.0143    0.0742   -0.0194    0.3067


H =

   1.0e+07 *

    0.0141   -0.0362    0.0012    0.0002   -0.0011   -0.0046
   -0.0362    2.7358    0.0254   -0.0011   -0.0863    0.0049
    0.0012    0.0254    1.0570   -0.0046    0.0049    0.0930
    0.0002   -0.0011   -0.0046    0.0100   -0.0034    0.0236
   -0.0011   -0.0863    0.0049   -0.0034    1.5849    0.1878
   -0.0046    0.0049    0.0930    0.0236    0.1878    1.0621


H =

   1.0e+07 *

    2.7358   -0.0362    0.0254    0.0049   -0.0863   -0.0011
   -0.0362    0.0141    0.0012   -0.0046   -0.0011    0.0002
    0.0254    0.0012    1.0570    0.0930    0.0049   -0.0046
    0.0049   -0.0046    0.0930    1.0621    0.1878    0.0236
   -0.0863   -0.0011    0.0049    0.1878    1.5849   -0.0034
   -0.0011    0.0002   -0.0046    0.0236   -0.0034    0.0100


Funcval =

    0.0695


bound =

   5.8422e+03


C =

   1.0e+03 *

    5.2324         0         0         0         0         0
   -0.0607    0.3662         0         0         0         0
    0.0583    0.2984    3.0181         0         0         0
   -0.0007   -0.1518    0.4218    2.9611         0         0
   -0.1333   -0.0743    0.0087    0.4920    3.9440         0
   -0.0037    0.0080   -0.0191    0.0903   -0.0252    0.2955


H =

   1.0e+07 *

    0.0138   -0.0318    0.0106    0.0003   -0.0019   -0.0056
   -0.0318    2.7378    0.0305   -0.0019   -0.0697   -0.0004
    0.0106    0.0305    0.9201   -0.0056   -0.0004    0.1228
    0.0003   -0.0019   -0.0056    0.0097   -0.0055    0.0258
   -0.0019   -0.0697   -0.0004   -0.0055    1.5821    0.1472
   -0.0056   -0.0004    0.1228    0.0258    0.1472    0.8969


H =

   1.0e+07 *

    2.7378   -0.0318    0.0305   -0.0004   -0.0697   -0.0019
   -0.0318    0.0138    0.0106   -0.0056   -0.0019    0.0003
    0.0305    0.0106    0.9201    0.1228   -0.0004   -0.0056
   -0.0004   -0.0056    0.1228    0.8969    0.1472    0.0258
   -0.0697   -0.0019   -0.0004    0.1472    1.5821   -0.0055
   -0.0019    0.0003   -0.0056    0.0258   -0.0055    0.0097


Funcval =

    0.0687


bound =

   5.8770e+03


C =

   1.0e+03 *

    5.2430         0         0         0         0         0
   -0.0541    0.3699         0         0         0         0
    0.1731    0.3526    3.0715         0         0         0
   -0.0091   -0.1401    0.4093    3.0022         0         0
   -0.1483   -0.0728    0.0012    0.5528    3.9764         0
   -0.0036    0.0066   -0.0173    0.1019   -0.0292    0.2951


H =

   1.0e+07 *

    0.0140   -0.0283    0.0121    0.0003   -0.0019   -0.0051
   -0.0283    2.7489    0.0908   -0.0019   -0.0777   -0.0048
    0.0121    0.0908    0.9588   -0.0051   -0.0048    0.1206
    0.0003   -0.0019   -0.0051    0.0099   -0.0060    0.0298
   -0.0019   -0.0777   -0.0048   -0.0060    1.6145    0.1672
   -0.0051   -0.0048    0.1206    0.0298    0.1672    0.9200


H =

   1.0e+07 *

    2.7489   -0.0283    0.0908   -0.0048   -0.0777   -0.0019
   -0.0283    0.0140    0.0121   -0.0051   -0.0019    0.0003
    0.0908    0.0121    0.9588    0.1206   -0.0048   -0.0051
   -0.0048   -0.0051    0.1206    0.9200    0.1672    0.0298
   -0.0777   -0.0019   -0.0048    0.1672    1.6145   -0.0060
   -0.0019    0.0003   -0.0051    0.0298   -0.0060    0.0099


Funcval =

    0.0686


bound =

   5.9454e+03


C =

   1.0e+03 *

    5.2948         0         0         0         0         0
   -0.0533    0.3750         0         0         0         0
    0.1677    0.2738    3.1893         0         0         0
   -0.0081   -0.0940    0.2975    3.0437         0         0
   -0.1477   -0.0537   -0.0010    0.5526    4.0138         0
   -0.0023    0.0045   -0.0112    0.0998   -0.0302    0.2984


H =

   1.0e+07 *

    0.0143   -0.0282    0.0094    0.0002   -0.0012   -0.0035
   -0.0282    2.8034    0.0888   -0.0012   -0.0782   -0.0043
    0.0094    0.0888    1.0275   -0.0035   -0.0043    0.0922
    0.0002   -0.0012   -0.0035    0.0100   -0.0066    0.0300
   -0.0012   -0.0782   -0.0043   -0.0066    1.6441    0.1688
   -0.0035   -0.0043    0.0922    0.0300    0.1688    0.9362


H =

   1.0e+07 *

    2.8034   -0.0282    0.0888   -0.0043   -0.0782   -0.0012
   -0.0282    0.0143    0.0094   -0.0035   -0.0012    0.0002
    0.0888    0.0094    1.0275    0.0922   -0.0043   -0.0035
   -0.0043   -0.0035    0.0922    0.9362    0.1688    0.0300
   -0.0782   -0.0012   -0.0043    0.1688    1.6441   -0.0066
   -0.0012    0.0002   -0.0035    0.0300   -0.0066    0.0100


Funcval =

    0.0687


bound =

   5.8408e+03


C =

   1.0e+03 *

    5.2245         0         0         0         0         0
   -0.0592    0.3675         0         0         0         0
    0.0399    0.2237    2.9769         0         0         0
   -0.0075   -0.1339    0.4235    2.8769         0         0
   -0.1331   -0.0641   -0.0066    0.5142    4.0086         0
   -0.0030    0.0072   -0.0169    0.1032   -0.0311    0.2933


H =

   1.0e+07 *

    0.0139   -0.0309    0.0080    0.0003   -0.0016   -0.0049
   -0.0309    2.7296    0.0209   -0.0016   -0.0695   -0.0039
    0.0080    0.0209    0.8914   -0.0049   -0.0039    0.1231
    0.0003   -0.0016   -0.0049    0.0098   -0.0071    0.0289
   -0.0016   -0.0695   -0.0039   -0.0071    1.6355    0.1486
   -0.0049   -0.0039    0.1231    0.0289    0.1486    0.8474


H =

   1.0e+07 *

    2.7296   -0.0309    0.0209   -0.0039   -0.0695   -0.0016
   -0.0309    0.0139    0.0080   -0.0049   -0.0016    0.0003
    0.0209    0.0080    0.8914    0.1231   -0.0039   -0.0049
   -0.0039   -0.0049    0.1231    0.8474    0.1486    0.0289
   -0.0695   -0.0016   -0.0039    0.1486    1.6355   -0.0071
   -0.0016    0.0003   -0.0049    0.0289   -0.0071    0.0098


Funcval =

    0.0671


bound =

   5.9261e+03


C =

   1.0e+03 *

    5.3121         0         0         0         0         0
   -0.0598    0.3729         0         0         0         0
   -0.0147    0.3588    3.0900         0         0         0
   -0.0167   -0.1327    0.3907    2.8636         0         0
   -0.1677   -0.0585   -0.0227    0.5751    4.0209         0
   -0.0022    0.0058   -0.0164    0.1017   -0.0368    0.2944


H =

   1.0e+07 *

    0.0143   -0.0317    0.0135    0.0002   -0.0012   -0.0048
   -0.0317    2.8218   -0.0078   -0.0012   -0.0891   -0.0089
    0.0135   -0.0078    0.9677   -0.0048   -0.0089    0.1160
    0.0002   -0.0012   -0.0048    0.0099   -0.0089    0.0284
   -0.0012   -0.0891   -0.0089   -0.0089    1.6531    0.1649
   -0.0048   -0.0089    0.1160    0.0284    0.1649    0.8370


H =

   1.0e+07 *

    2.8218   -0.0317   -0.0078   -0.0089   -0.0891   -0.0012
   -0.0317    0.0143    0.0135   -0.0048   -0.0012    0.0002
   -0.0078    0.0135    0.9677    0.1160   -0.0089   -0.0048
   -0.0089   -0.0048    0.1160    0.8370    0.1649    0.0284
   -0.0891   -0.0012   -0.0089    0.1649    1.6531   -0.0089
   -0.0012    0.0002   -0.0048    0.0284   -0.0089    0.0099


Funcval =

    0.0669


bound =

   5.9145e+03


C =

   1.0e+03 *

    5.3036         0         0         0         0         0
   -0.0636    0.3700         0         0         0         0
   -0.0390    0.2331    3.0198         0         0         0
   -0.0086   -0.1138    0.4104    2.9018         0         0
   -0.1765   -0.0419   -0.0141    0.6060    4.0200         0
   -0.0008    0.0054   -0.0142    0.0971   -0.0388    0.2992


H =

   1.0e+07 *

    0.0141   -0.0337    0.0089    0.0002   -0.0004   -0.0042
   -0.0337    2.8129   -0.0207   -0.0004   -0.0936   -0.0046
    0.0089   -0.0207    0.9175   -0.0042   -0.0046    0.1213
    0.0002   -0.0004   -0.0042    0.0101   -0.0097    0.0275
   -0.0004   -0.0936   -0.0046   -0.0097    1.6561    0.1759
   -0.0042   -0.0046    0.1213    0.0275    0.1759    0.8602


H =

   1.0e+07 *

    2.8129   -0.0337   -0.0207   -0.0046   -0.0936   -0.0004
   -0.0337    0.0141    0.0089   -0.0042   -0.0004    0.0002
   -0.0207    0.0089    0.9175    0.1213   -0.0046   -0.0042
   -0.0046   -0.0042    0.1213    0.8602    0.1759    0.0275
   -0.0936   -0.0004   -0.0046    0.1759    1.6561   -0.0097
   -0.0004    0.0002   -0.0042    0.0275   -0.0097    0.0101


Funcval =

    0.0676


bound =

   5.8364e+03


C =

   1.0e+03 *

    5.1915         0         0         0         0         0
   -0.0684    0.3662         0         0         0         0
   -0.1556    0.1028    3.0546         0         0         0
    0.0168   -0.1394    0.4006    2.9078         0         0
   -0.1378   -0.0668    0.0238    0.4924    4.0268         0
   -0.0029    0.0061   -0.0174    0.1001   -0.0388    0.2977


H =

   1.0e+07 *

    0.0139   -0.0355    0.0048    0.0002   -0.0015   -0.0052
   -0.0355    2.6952   -0.0808   -0.0015   -0.0716    0.0087
    0.0048   -0.0808    0.9365   -0.0052    0.0087    0.1207
    0.0002   -0.0015   -0.0052    0.0100   -0.0107    0.0283
   -0.0015   -0.0716    0.0087   -0.0107    1.6482    0.1448
   -0.0052    0.0087    0.1207    0.0283    0.1448    0.8636


H =

   1.0e+07 *

    2.6952   -0.0355   -0.0808    0.0087   -0.0716   -0.0015
   -0.0355    0.0139    0.0048   -0.0052   -0.0015    0.0002
   -0.0808    0.0048    0.9365    0.1207    0.0087   -0.0052
    0.0087   -0.0052    0.1207    0.8636    0.1448    0.0283
   -0.0716   -0.0015    0.0087    0.1448    1.6482   -0.0107
   -0.0015    0.0002   -0.0052    0.0283   -0.0107    0.0100


Funcval =

    0.0672


bound =

   5.8474e+03


C =

   1.0e+03 *

    5.2064         0         0         0         0         0
   -0.0702    0.3654         0         0         0         0
   -0.2106    0.1592    3.0331         0         0         0
   -0.0094   -0.1585    0.4393    2.8911         0         0
   -0.1594   -0.0883   -0.0226    0.5746    4.0266         0
   -0.0040    0.0056   -0.0195    0.1015   -0.0395    0.2973


H =

   1.0e+07 *

    0.0138   -0.0366    0.0073    0.0002   -0.0021   -0.0057
   -0.0366    2.7106   -0.1096   -0.0021   -0.0830   -0.0049
    0.0073   -0.1096    0.9269   -0.0057   -0.0049    0.1309
    0.0002   -0.0021   -0.0057    0.0101   -0.0100    0.0284
   -0.0021   -0.0830   -0.0049   -0.0100    1.6577    0.1667
   -0.0057   -0.0049    0.1309    0.0284    0.1667    0.8576


H =

   1.0e+07 *

    2.7106   -0.0366   -0.1096   -0.0049   -0.0830   -0.0021
   -0.0366    0.0138    0.0073   -0.0057   -0.0021    0.0002
   -0.1096    0.0073    0.9269    0.1309   -0.0049   -0.0057
   -0.0049   -0.0057    0.1309    0.8576    0.1667    0.0284
   -0.0830   -0.0021   -0.0049    0.1667    1.6577   -0.0100
   -0.0021    0.0002   -0.0057    0.0284   -0.0100    0.0101


Funcval =

    0.0668


bound =

   5.8458e+03


C =

   1.0e+03 *

    5.2397         0         0         0         0         0
   -0.0741    0.3673         0         0         0         0
   -0.2582    0.1739    3.0074         0         0         0
    0.0002   -0.1286    0.4694    2.8226         0         0
   -0.1849   -0.0633   -0.0119    0.5821    3.9806         0
   -0.0018    0.0058   -0.0162    0.0883   -0.0387    0.2988


H =

   1.0e+07 *

    0.0140   -0.0388    0.0083    0.0002   -0.0010   -0.0047
   -0.0388    2.7454   -0.1353   -0.0010   -0.0969    0.0001
    0.0083   -0.1353    0.9141   -0.0047    0.0001    0.1389
    0.0002   -0.0010   -0.0047    0.0099   -0.0103    0.0241
   -0.0010   -0.0969    0.0001   -0.0103    1.6222    0.1646
   -0.0047    0.0001    0.1389    0.0241    0.1646    0.8204


H =

   1.0e+07 *

    2.7454   -0.0388   -0.1353    0.0001   -0.0969   -0.0010
   -0.0388    0.0140    0.0083   -0.0047   -0.0010    0.0002
   -0.1353    0.0083    0.9141    0.1389    0.0001   -0.0047
    0.0001   -0.0047    0.1389    0.8204    0.1646    0.0241
   -0.0969   -0.0010    0.0001    0.1646    1.6222   -0.0103
   -0.0010    0.0002   -0.0047    0.0241   -0.0103    0.0099


Funcval =

    0.0690


bound =

   5.7319e+03


C =

   1.0e+03 *

    5.1477         0         0         0         0         0
   -0.0627    0.3660         0         0         0         0
   -0.3335    0.2522    2.9395         0         0         0
    0.0395   -0.1542    0.5197    2.7969         0         0
   -0.1306   -0.0920    0.0622    0.4732    3.8769         0
   -0.0049    0.0075   -0.0213    0.0965   -0.0271    0.2939


H =

   1.0e+07 *

    0.0138   -0.0323    0.0113    0.0003   -0.0025   -0.0059
   -0.0323    2.6499   -0.1717   -0.0025   -0.0672    0.0203
    0.0113   -0.1717    0.8816   -0.0059    0.0203    0.1476
    0.0003   -0.0025   -0.0059    0.0097   -0.0061    0.0258
   -0.0025   -0.0672    0.0203   -0.0061    1.5284    0.1365
   -0.0059    0.0203    0.1476    0.0258    0.1365    0.8118


H =

   1.0e+07 *

    2.6499   -0.0323   -0.1717    0.0203   -0.0672   -0.0025
   -0.0323    0.0138    0.0113   -0.0059   -0.0025    0.0003
   -0.1717    0.0113    0.8816    0.1476    0.0203   -0.0059
    0.0203   -0.0059    0.1476    0.8118    0.1365    0.0258
   -0.0672   -0.0025    0.0203    0.1365    1.5284   -0.0061
   -0.0025    0.0003   -0.0059    0.0258   -0.0061    0.0097


Funcval =

    0.0685


bound =

   5.8002e+03


C =

   1.0e+03 *

    5.1990         0         0         0         0         0
   -0.0627    0.3702         0         0         0         0
   -0.3456    0.3043    3.0095         0         0         0
    0.0573   -0.1623    0.5196    2.8710         0         0
   -0.1434   -0.0922    0.0919    0.4520    3.9145         0
   -0.0048    0.0065   -0.0224    0.0999   -0.0303    0.2971


H =

   1.0e+07 *

    0.0141   -0.0326    0.0134    0.0003   -0.0025   -0.0064
   -0.0326    2.7029   -0.1797   -0.0025   -0.0745    0.0298
    0.0134   -0.1797    0.9269   -0.0064    0.0298    0.1494
    0.0003   -0.0025   -0.0064    0.0100   -0.0075    0.0274
   -0.0025   -0.0745    0.0298   -0.0075    1.5565    0.1352
   -0.0064    0.0298    0.1494    0.0274    0.1352    0.8542


H =

   1.0e+07 *

    2.7029   -0.0326   -0.1797    0.0298   -0.0745   -0.0025
   -0.0326    0.0141    0.0134   -0.0064   -0.0025    0.0003
   -0.1797    0.0134    0.9269    0.1494    0.0298   -0.0064
    0.0298   -0.0064    0.1494    0.8542    0.1352    0.0274
   -0.0745   -0.0025    0.0298    0.1352    1.5565   -0.0075
   -0.0025    0.0003   -0.0064    0.0274   -0.0075    0.0100


Funcval =

    0.0689


bound =

   5.7926e+03


C =

   1.0e+03 *

    5.2081         0         0         0         0         0
   -0.0658    0.3712         0         0         0         0
   -0.4140    0.3178    3.0412         0         0         0
    0.0771   -0.1864    0.4867    2.8174         0         0
   -0.1625   -0.0902    0.1194    0.3922    3.8765         0
   -0.0044    0.0045   -0.0255    0.0953   -0.0302    0.2953


H =

   1.0e+07 *

    0.0142   -0.0343    0.0145    0.0002   -0.0023   -0.0074
   -0.0343    2.7124   -0.2156   -0.0023   -0.0847    0.0402
    0.0145   -0.2156    0.9521   -0.0074    0.0402    0.1389
    0.0002   -0.0023   -0.0074    0.0098   -0.0083    0.0255
   -0.0023   -0.0847    0.0402   -0.0083    1.5230    0.1168
   -0.0074    0.0402    0.1389    0.0255    0.1168    0.8216


H =

   1.0e+07 *

    2.7124   -0.0343   -0.2156    0.0402   -0.0847   -0.0023
   -0.0343    0.0142    0.0145   -0.0074   -0.0023    0.0002
   -0.2156    0.0145    0.9521    0.1389    0.0402   -0.0074
    0.0402   -0.0074    0.1389    0.8216    0.1168    0.0255
   -0.0847   -0.0023    0.0402    0.1168    1.5230   -0.0083
   -0.0023    0.0002   -0.0074    0.0255   -0.0083    0.0098


Funcval =

    0.0695


bound =

   5.7989e+03


C =

   1.0e+03 *

    5.2140         0         0         0         0         0
   -0.0687    0.3717         0         0         0         0
   -0.4439    0.2920    3.0579         0         0         0
    0.0566   -0.1789    0.4650    2.8340         0         0
   -0.1999   -0.0871    0.0759    0.4995    3.8564         0
   -0.0036    0.0026   -0.0238    0.0909   -0.0280    0.2976


H =

   1.0e+07 *

    0.0143   -0.0358    0.0139    0.0001   -0.0019   -0.0070
   -0.0358    2.7186   -0.2315   -0.0019   -0.1042    0.0295
    0.0139   -0.2315    0.9633   -0.0070    0.0295    0.1345
    0.0001   -0.0019   -0.0070    0.0098   -0.0064    0.0246
   -0.0019   -0.1042    0.0295   -0.0064    1.5175    0.1455
   -0.0070    0.0295    0.1345    0.0246    0.1455    0.8283


H =

   1.0e+07 *

    2.7186   -0.0358   -0.2315    0.0295   -0.1042   -0.0019
   -0.0358    0.0143    0.0139   -0.0070   -0.0019    0.0001
   -0.2315    0.0139    0.9633    0.1345    0.0295   -0.0070
    0.0295   -0.0070    0.1345    0.8283    0.1455    0.0246
   -0.1042   -0.0019    0.0295    0.1455    1.5175   -0.0064
   -0.0019    0.0001   -0.0070    0.0246   -0.0064    0.0098


Funcval =

    0.0702


bound =

   5.7952e+03


C =

   1.0e+03 *

    5.2587         0         0         0         0         0
   -0.0766    0.3709         0         0         0         0
   -0.4405    0.2041    3.0500         0         0         0
    0.0819   -0.1567    0.5012    2.7980         0         0
   -0.2122   -0.0565    0.1144    0.4292    3.7576         0
   -0.0009    0.0035   -0.0215    0.0873   -0.0222    0.2955


H =

   1.0e+07 *

    0.0143   -0.0403    0.0109    0.0001   -0.0005   -0.0064
   -0.0403    2.7654   -0.2316   -0.0005   -0.1116    0.0431
    0.0109   -0.2316    0.9538   -0.0064    0.0431    0.1461
    0.0001   -0.0005   -0.0064    0.0096   -0.0048    0.0233
   -0.0005   -0.1116    0.0431   -0.0048    1.4365    0.1250
   -0.0064    0.0431    0.1461    0.0233    0.1250    0.8111


H =

   1.0e+07 *

    2.7654   -0.0403   -0.2316    0.0431   -0.1116   -0.0005
   -0.0403    0.0143    0.0109   -0.0064   -0.0005    0.0001
   -0.2316    0.0109    0.9538    0.1461    0.0431   -0.0064
    0.0431   -0.0064    0.1461    0.8111    0.1250    0.0233
   -0.1116   -0.0005    0.0431    0.1250    1.4365   -0.0048
   -0.0005    0.0001   -0.0064    0.0233   -0.0048    0.0096


Funcval =

    0.0712


bound =

   5.7538e+03


C =

   1.0e+03 *

    5.2384         0         0         0         0         0
   -0.0769    0.3697         0         0         0         0
   -0.4063    0.1289    3.0236         0         0         0
    0.1052   -0.1517    0.5125    2.7383         0         0
   -0.2147   -0.0518    0.1556    0.4116    3.7056         0
   -0.0005    0.0040   -0.0215    0.0835   -0.0220    0.2932


H =

   1.0e+07 *

    0.0143   -0.0403    0.0079    0.0002   -0.0003   -0.0064
   -0.0403    2.7441   -0.2128   -0.0003   -0.1125    0.0551
    0.0079   -0.2128    0.9324   -0.0064    0.0551    0.1487
    0.0002   -0.0003   -0.0064    0.0094   -0.0051    0.0217
   -0.0003   -0.1125    0.0551   -0.0051    1.3974    0.1192
   -0.0064    0.0551    0.1487    0.0217    0.1192    0.7795


H =

   1.0e+07 *

    2.7441   -0.0403   -0.2128    0.0551   -0.1125   -0.0003
   -0.0403    0.0143    0.0079   -0.0064   -0.0003    0.0002
   -0.2128    0.0079    0.9324    0.1487    0.0551   -0.0064
    0.0551   -0.0064    0.1487    0.7795    0.1192    0.0217
   -0.1125   -0.0003    0.0551    0.1192    1.3974   -0.0051
   -0.0003    0.0002   -0.0064    0.0217   -0.0051    0.0094


Funcval =

    0.0720


bound =

   5.7529e+03


C =

   1.0e+03 *

    5.2434         0         0         0         0         0
   -0.0749    0.3706         0         0         0         0
   -0.3599    0.1449    3.0140         0         0         0
    0.1150   -0.1477    0.5304    2.7244         0         0
   -0.2081   -0.0411    0.1772    0.4415    3.6968         0
    0.0001    0.0044   -0.0212    0.0844   -0.0231    0.2923


H =

   1.0e+07 *

    0.0143   -0.0393    0.0081    0.0002    0.0000   -0.0063
   -0.0393    2.7494   -0.1887    0.0000   -0.1091    0.0603
    0.0081   -0.1887    0.9235   -0.0063    0.0603    0.1536
    0.0002    0.0000   -0.0063    0.0094   -0.0052    0.0218
    0.0000   -0.1091    0.0603   -0.0052    1.3938    0.1279
   -0.0063    0.0603    0.1536    0.0218    0.1279    0.7739


H =

   1.0e+07 *

    2.7494   -0.0393   -0.1887    0.0603   -0.1091    0.0000
   -0.0393    0.0143    0.0081   -0.0063    0.0000    0.0002
   -0.1887    0.0081    0.9235    0.1536    0.0603   -0.0063
    0.0603   -0.0063    0.1536    0.7739    0.1279    0.0218
   -0.1091    0.0000    0.0603    0.1279    1.3938   -0.0052
    0.0000    0.0002   -0.0063    0.0218   -0.0052    0.0094


Funcval =

    0.0741


bound =

   5.6768e+03


C =

   1.0e+03 *

    5.1436         0         0         0         0         0
   -0.0741    0.3638         0         0         0         0
   -0.4929    0.0777    2.8870         0         0         0
    0.1472   -0.1467    0.5883    2.7953         0         0
   -0.1869   -0.0083    0.2306    0.3577    3.7204         0
    0.0021    0.0054   -0.0221    0.0837   -0.0265    0.2953


H =

   1.0e+07 *

    0.0138   -0.0381    0.0065    0.0002    0.0011   -0.0064
   -0.0381    2.6456   -0.2535    0.0011   -0.0962    0.0757
    0.0065   -0.2535    0.8584   -0.0064    0.0757    0.1615
    0.0002    0.0011   -0.0064    0.0095   -0.0074    0.0220
    0.0011   -0.0962    0.0757   -0.0074    1.4057    0.1109
   -0.0064    0.0757    0.1615    0.0220    0.1109    0.8203


H =

   1.0e+07 *

    2.6456   -0.0381   -0.2535    0.0757   -0.0962    0.0011
   -0.0381    0.0138    0.0065   -0.0064    0.0011    0.0002
   -0.2535    0.0065    0.8584    0.1615    0.0757   -0.0064
    0.0757   -0.0064    0.1615    0.8203    0.1109    0.0220
   -0.0962    0.0011    0.0757    0.1109    1.4057   -0.0074
    0.0011    0.0002   -0.0064    0.0220   -0.0074    0.0095


Funcval =

    0.0747


bound =

   5.6498e+03


C =

   1.0e+03 *

    5.1631         0         0         0         0         0
   -0.0746    0.3641         0         0         0         0
   -0.5232    0.1190    2.8319         0         0         0
    0.1422   -0.1541    0.5592    2.7415         0         0
   -0.2458   -0.0114    0.2143    0.1751    3.6298         0
    0.0028    0.0020   -0.0231    0.0869   -0.0193    0.2895


H =

   1.0e+07 *

    0.0138   -0.0385    0.0082    0.0001    0.0014   -0.0067
   -0.0385    2.6658   -0.2701    0.0014   -0.1269    0.0734
    0.0082   -0.2701    0.8308   -0.0067    0.0734    0.1491
    0.0001    0.0014   -0.0067    0.0092   -0.0060    0.0225
    0.0014   -0.1269    0.0734   -0.0060    1.3312    0.0567
   -0.0067    0.0734    0.1491    0.0225    0.0567    0.7872


H =

   1.0e+07 *

    2.6658   -0.0385   -0.2701    0.0734   -0.1269    0.0014
   -0.0385    0.0138    0.0082   -0.0067    0.0014    0.0001
   -0.2701    0.0082    0.8308    0.1491    0.0734   -0.0067
    0.0734   -0.0067    0.1491    0.7872    0.0567    0.0225
   -0.1269    0.0014    0.0734    0.0567    1.3312   -0.0060
    0.0014    0.0001   -0.0067    0.0225   -0.0060    0.0092


Funcval =

    0.0751


bound =

   5.5941e+03


C =

   1.0e+03 *

    5.1251         0         0         0         0         0
   -0.0717    0.3600         0         0         0         0
   -0.5496    0.1238    2.7292         0         0         0
    0.1774   -0.1575    0.6010    2.6770         0         0
   -0.2893    0.0052    0.2747    0.2141    3.5905         0
    0.0044    0.0014   -0.0246    0.0911   -0.0203    0.2851


H =

   1.0e+07 *

    0.0135   -0.0368    0.0084    0.0000    0.0023   -0.0069
   -0.0368    2.6266   -0.2817    0.0023   -0.1483    0.0909
    0.0084   -0.2817    0.7766   -0.0069    0.0909    0.1523
    0.0000    0.0023   -0.0069    0.0091   -0.0062    0.0230
    0.0023   -0.1483    0.0909   -0.0062    1.3096    0.0686
   -0.0069    0.0909    0.1523    0.0230    0.0686    0.7584


H =

   1.0e+07 *

    2.6266   -0.0368   -0.2817    0.0909   -0.1483    0.0023
   -0.0368    0.0135    0.0084   -0.0069    0.0023    0.0000
   -0.2817    0.0084    0.7766    0.1523    0.0909   -0.0069
    0.0909   -0.0069    0.1523    0.7584    0.0686    0.0230
   -0.1483    0.0023    0.0909    0.0686    1.3096   -0.0062
    0.0023    0.0000   -0.0069    0.0230   -0.0062    0.0091


Funcval =

    0.0751


bound =

   5.6054e+03


C =

   1.0e+03 *

    5.1441         0         0         0         0         0
   -0.0717    0.3610         0         0         0         0
   -0.5333    0.1511    2.7446         0         0         0
    0.1895   -0.1677    0.5900    2.6801         0         0
   -0.3108    0.0046    0.2945    0.2897    3.5620         0
    0.0047    0.0005   -0.0261    0.0878   -0.0187    0.2857


H =

   1.0e+07 *

    0.0135   -0.0369    0.0093   -0.0000    0.0024   -0.0074
   -0.0369    2.6462   -0.2743    0.0024   -0.1599    0.0975
    0.0093   -0.2743    0.7840   -0.0074    0.0975    0.1493
   -0.0000    0.0024   -0.0074    0.0090   -0.0050    0.0221
    0.0024   -0.1599    0.0975   -0.0050    1.2955    0.0891
   -0.0074    0.0975    0.1493    0.0221    0.0891    0.7595


H =

   1.0e+07 *

    2.6462   -0.0369   -0.2743    0.0975   -0.1599    0.0024
   -0.0369    0.0135    0.0093   -0.0074    0.0024   -0.0000
   -0.2743    0.0093    0.7840    0.1493    0.0975   -0.0074
    0.0975   -0.0074    0.1493    0.7595    0.0891    0.0221
   -0.1599    0.0024    0.0975    0.0891    1.2955   -0.0050
    0.0024   -0.0000   -0.0074    0.0221   -0.0050    0.0090


Funcval =

    0.0755


bound =

   5.5990e+03


C =

   1.0e+03 *

    5.1434         0         0         0         0         0
   -0.0730    0.3608         0         0         0         0
   -0.5251    0.1817    2.7335         0         0         0
    0.2070   -0.1608    0.5807    2.6989         0         0
   -0.3231    0.0084    0.3268    0.3244    3.5298         0
    0.0052   -0.0001   -0.0258    0.0803   -0.0178    0.2886


H =

   1.0e+07 *

    0.0135   -0.0375    0.0104   -0.0000    0.0027   -0.0073
   -0.0375    2.6454   -0.2701    0.0027   -0.1662    0.1065
    0.0104   -0.2701    0.7781   -0.0073    0.1065    0.1449
   -0.0000    0.0027   -0.0073    0.0091   -0.0047    0.0203
    0.0027   -0.1662    0.1065   -0.0047    1.2776    0.0997
   -0.0073    0.1065    0.1449    0.0203    0.0997    0.7690


H =

   1.0e+07 *

    2.6454   -0.0375   -0.2701    0.1065   -0.1662    0.0027
   -0.0375    0.0135    0.0104   -0.0073    0.0027   -0.0000
   -0.2701    0.0104    0.7781    0.1449    0.1065   -0.0073
    0.1065   -0.0073    0.1449    0.7690    0.0997    0.0203
   -0.1662    0.0027    0.1065    0.0997    1.2776   -0.0047
    0.0027   -0.0000   -0.0073    0.0203   -0.0047    0.0091


Funcval =

    0.0777


bound =

   5.5440e+03


C =

   1.0e+03 *

    5.1031         0         0         0         0         0
   -0.0680    0.3592         0         0         0         0
   -0.5924    0.2359    2.6844         0         0         0
    0.2550   -0.1781    0.6378    2.6147         0         0
   -0.2960    0.0031    0.4192    0.2129    3.4825         0
    0.0042    0.0018   -0.0295    0.0822   -0.0165    0.2836


H =

   1.0e+07 *

    0.0134   -0.0347    0.0125    0.0000    0.0021   -0.0081
   -0.0347    2.6042   -0.3023    0.0021   -0.1511    0.1301
    0.0125   -0.3023    0.7612   -0.0081    0.1301    0.1519
    0.0000    0.0021   -0.0081    0.0088   -0.0054    0.0197
    0.0021   -0.1511    0.1301   -0.0054    1.2436    0.0748
   -0.0081    0.1301    0.1519    0.0197    0.0748    0.7340


H =

   1.0e+07 *

    2.6042   -0.0347   -0.3023    0.1301   -0.1511    0.0021
   -0.0347    0.0134    0.0125   -0.0081    0.0021    0.0000
   -0.3023    0.0125    0.7612    0.1519    0.1301   -0.0081
    0.1301   -0.0081    0.1519    0.7340    0.0748    0.0197
   -0.1511    0.0021    0.1301    0.0748    1.2436   -0.0054
    0.0021    0.0000   -0.0081    0.0197   -0.0054    0.0088


Funcval =

    0.0802


bound =

   5.5469e+03


C =

   1.0e+03 *

    5.1071         0         0         0         0         0
   -0.0700    0.3594         0         0         0         0
   -0.5482    0.2587    2.6907         0         0         0
    0.2545   -0.1400    0.6558    2.6313         0         0
   -0.3225    0.0338    0.4140    0.2040    3.4726         0
    0.0068    0.0020   -0.0241    0.0774   -0.0168    0.2851


H =

   1.0e+07 *

    0.0134   -0.0357    0.0131    0.0000    0.0035   -0.0068
   -0.0357    2.6082   -0.2800    0.0035   -0.1647    0.1300
    0.0131   -0.2800    0.7607   -0.0068    0.1300    0.1589
    0.0000    0.0035   -0.0068    0.0088   -0.0055    0.0189
    0.0035   -0.1647    0.1300   -0.0055    1.2377    0.0722
   -0.0068    0.1300    0.1589    0.0189    0.0722    0.7438


H =

   1.0e+07 *

    2.6082   -0.0357   -0.2800    0.1300   -0.1647    0.0035
   -0.0357    0.0134    0.0131   -0.0068    0.0035    0.0000
   -0.2800    0.0131    0.7607    0.1589    0.1300   -0.0068
    0.1300   -0.0068    0.1589    0.7438    0.0722    0.0189
   -0.1647    0.0035    0.1300    0.0722    1.2377   -0.0055
    0.0035    0.0000   -0.0068    0.0189   -0.0055    0.0088


Funcval =

    0.0811


bound =

   5.5630e+03


C =

   1.0e+03 *

    5.1358         0         0         0         0         0
   -0.0660    0.3629         0         0         0         0
   -0.5023    0.2676    2.7536         0         0         0
    0.2601   -0.1453    0.6279    2.6444         0         0
   -0.3028    0.0547    0.4245    0.1526    3.4181         0
    0.0078    0.0015   -0.0241    0.0726   -0.0214    0.2853


H =

   1.0e+07 *

    0.0136   -0.0339    0.0130    0.0000    0.0040   -0.0070
   -0.0339    2.6376   -0.2580    0.0040   -0.1555    0.1336
    0.0130   -0.2580    0.7906   -0.0070    0.1336    0.1559
    0.0000    0.0040   -0.0070    0.0088   -0.0075    0.0179
    0.0040   -0.1555    0.1336   -0.0075    1.1982    0.0583
   -0.0070    0.1336    0.1559    0.0179    0.0583    0.7476


H =

   1.0e+07 *

    2.6376   -0.0339   -0.2580    0.1336   -0.1555    0.0040
   -0.0339    0.0136    0.0130   -0.0070    0.0040    0.0000
   -0.2580    0.0130    0.7906    0.1559    0.1336   -0.0070
    0.1336   -0.0070    0.1559    0.7476    0.0583    0.0179
   -0.1555    0.0040    0.1336    0.0583    1.1982   -0.0075
    0.0040    0.0000   -0.0070    0.0179   -0.0075    0.0088


Funcval =

    0.0833


bound =

   5.4474e+03


C =

   1.0e+03 *

    5.0262         0         0         0         0         0
   -0.0577    0.3592         0         0         0         0
   -0.4640    0.1760    2.7307         0         0         0
    0.2769   -0.1093    0.6545    2.5193         0         0
   -0.3188    0.0806    0.4504    0.0884    3.3672         0
    0.0094    0.0024   -0.0188    0.0603   -0.0197    0.2816


H =

   1.0e+07 *

    0.0132   -0.0290    0.0090    0.0000    0.0047   -0.0055
   -0.0290    2.5263   -0.2332    0.0047   -0.1602    0.1392
    0.0090   -0.2332    0.7703   -0.0055    0.1392    0.1639
    0.0000    0.0047   -0.0055    0.0084   -0.0072    0.0142
    0.0047   -0.1602    0.1392   -0.0072    1.1657    0.0420
   -0.0055    0.1392    0.1639    0.0142    0.0420    0.6864


H =

   1.0e+07 *

    2.5263   -0.0290   -0.2332    0.1392   -0.1602    0.0047
   -0.0290    0.0132    0.0090   -0.0055    0.0047    0.0000
   -0.2332    0.0090    0.7703    0.1639    0.1392   -0.0055
    0.1392   -0.0055    0.1639    0.6864    0.0420    0.0142
