close all; clear; clc; dicNR_temp
 
B =
 
[ P2 + 1,     P3, P1]
[     P5, P6 + 1, P4]
[      0,      0,  1]
 

elements =

    21


ans =

    21     5


ans =

    21     2

image 6

coefficient_time =

   99.5877


bound =

   5.7110e+03


C =

   1.0e+03 *

    4.8747         0         0         0         0         0
   -0.0923    0.3503         0         0         0         0
    0.0398    0.4190    3.2487         0         0         0
   -0.4414    0.0577   -0.0182    4.1470         0         0
   -0.0108   -0.1472   -0.0262    0.5633    2.9459         0
    0.0125   -0.0235   -0.0127   -0.1011    0.0511    0.2864


H =

   1.0e+07 *

    0.0131   -0.0450    0.0143   -0.0009    0.0061   -0.0051
   -0.0450    2.3763    0.0194    0.0061   -0.2152   -0.0053
    0.0143    0.0194    1.0731   -0.0051   -0.0053   -0.0147
   -0.0009    0.0061   -0.0051    0.0096   -0.0426    0.0097
    0.0061   -0.2152   -0.0053   -0.0426    1.7396    0.2333
   -0.0051   -0.0053   -0.0147    0.0097    0.2333    0.9018


H =

   1.0e+07 *

    2.3763   -0.0450    0.0194   -0.2152   -0.0053    0.0061
   -0.0450    0.0131    0.0143    0.0061   -0.0051   -0.0009
    0.0194    0.0143    1.0731   -0.0053   -0.0147   -0.0051
   -0.2152    0.0061   -0.0053    1.7396    0.2333   -0.0426
   -0.0053   -0.0051   -0.0147    0.2333    0.9018    0.0097
    0.0061   -0.0009   -0.0051   -0.0426    0.0097    0.0096


Funcval =

    0.1010


bound =

   3.3864e+03


C =

   1.0e+03 *

    2.7010         0         0         0         0         0
   -3.6182    3.8024         0         0         0         0
    0.6855   -1.2814    2.4082         0         0         0
    0.6204   -1.0772    3.5185    2.8073         0         0
    0.0003    0.0044   -0.0244   -0.0486    0.1973         0
   -0.1660    0.1276    0.0281    0.0232   -0.0757    0.1076

row: 2 col: 1

C =

   1.0e+03 *

    0.1324         0         0         0         0         0
   -0.1773    3.8024         0         0         0         0
    0.0336   -1.2814    2.4082         0         0         0
    0.0304   -1.0772    3.5185    2.8073         0         0
    0.0000    0.0044   -0.0244   -0.0486    0.1973         0
   -0.0081    0.1276    0.0281    0.0232   -0.0757    0.1076

row: 2 col: 2

C =

   1.0e+03 *

    0.1324         0         0         0         0         0
   -0.1773    0.1324         0         0         0         0
    0.0336   -0.0446    2.4082         0         0         0
    0.0304   -0.0375    3.5185    2.8073         0         0
    0.0000    0.0002   -0.0244   -0.0486    0.1973         0
   -0.0081    0.0044    0.0281    0.0232   -0.0757    0.1076

row: 4 col: 3

C =

   1.0e+03 *

    0.1324         0         0         0         0         0
   -0.1773    0.1324         0         0         0         0
    0.0336   -0.0446    0.0562         0         0         0
    0.0304   -0.0375    0.0821    2.8073         0         0
    0.0000    0.0002   -0.0006   -0.0486    0.1973         0
   -0.0081    0.0044    0.0007    0.0232   -0.0757    0.1076


H =

   1.0e+06 *

    0.0169   -0.4483    0.1152    0.0139    0.0008   -0.0178
   -0.4483    7.2952   -9.7726    0.0008    1.6756    1.8514
    0.1152   -9.7726   -1.3669   -0.0178    1.8514    2.3921
    0.0139    0.0008   -0.0178   -0.0372   -0.0457    0.0645
    0.0008    1.6756    1.8514   -0.0457   -5.2746   -9.4283
   -0.0178    1.8514    2.3921    0.0645   -9.4283   -6.9713


H =

   1.0e+06 *

    0.0175   -0.0235    0.0044    0.0040    0.0000   -0.0011
   -0.0235    0.0490   -0.0119   -0.0104    0.0000    0.0020
    0.0044   -0.0119    0.0063    0.0073   -0.0000   -0.0004
    0.0040   -0.0104    0.0073    7.8901   -0.1364    0.0646
    0.0000    0.0000   -0.0000   -0.1364    0.0413   -0.0161
   -0.0011    0.0020   -0.0004    0.0646   -0.0161    0.0179


Funcval =

    0.1456


bound =

   5.1895e+03


C =

   1.0e+03 *

    4.8470         0         0         0         0         0
   -0.0985    0.3300         0         0         0         0
   -0.1866    0.1334    2.9635         0         0         0
    0.0116    0.0637    0.0206    0.2021         0         0
    0.3147    0.2643    0.2329    0.3122    2.7797         0
    0.1375    0.2449    1.0657    0.0467    0.5077    2.0119


H =

   1.0e+07 *

    0.0119   -0.0477    0.0062    0.0020    0.0056    0.0067
   -0.0477    2.3493   -0.0905    0.0056    0.1525    0.0667
    0.0062   -0.0905    0.8835    0.0067    0.0667    0.3165
    0.0020    0.0056    0.0067    0.0045    0.0088    0.0049
    0.0056    0.1525    0.0667    0.0088    0.8047    0.1782
    0.0067    0.0667    0.3165    0.0049    0.1782    0.5522


H =

   1.0e+07 *

    2.3493   -0.0477   -0.0905    0.0056    0.1525    0.0667
   -0.0477    0.0119    0.0062    0.0020    0.0056    0.0067
   -0.0905    0.0062    0.8835    0.0067    0.0667    0.3165
    0.0056    0.0020    0.0067    0.0045    0.0088    0.0049
    0.1525    0.0056    0.0667    0.0088    0.8047    0.1782
    0.0667    0.0067    0.3165    0.0049    0.1782    0.5522


Funcval =

    0.1521


bound =

   4.9958e+03


C =

   1.0e+03 *

    4.6892         0         0         0         0         0
   -0.1062    0.3075         0         0         0         0
   -0.2746   -0.1513    2.8308         0         0         0
    0.4163    0.3630    0.3283    2.4855         0         0
    0.0144    0.0779    0.0329    0.0430    0.1807         0
    0.1621    0.3081    1.1920    0.5024   -0.1706    1.9145


H =

   1.0e+07 *

    0.0106   -0.0498   -0.0017    0.0022    0.0067    0.0078
   -0.0498    2.1989   -0.1288    0.0067    0.1952    0.0760
   -0.0017   -0.1288    0.8112    0.0078    0.0760    0.3283
    0.0022    0.0067    0.0078    0.0042    0.0152    0.0056
    0.0067    0.1952    0.0760    0.0152    0.6591    0.1819
    0.0078    0.0760    0.3283    0.0056    0.1819    0.5489


H =

   1.0e+07 *

    2.1989   -0.0498   -0.1288    0.1952    0.0067    0.0760
   -0.0498    0.0106   -0.0017    0.0067    0.0022    0.0078
   -0.1288   -0.0017    0.8112    0.0760    0.0078    0.3283
    0.1952    0.0067    0.0760    0.6591    0.0152    0.1819
    0.0067    0.0022    0.0078    0.0152    0.0042    0.0056
    0.0760    0.0078    0.3283    0.1819    0.0056    0.5489


Funcval =

    0.1330


bound =

   5.3021e+03


C =

   1.0e+03 *

    4.8599         0         0         0         0         0
   -0.1146    0.3248         0         0         0         0
   -0.5973    0.0196    3.1099         0         0         0
    0.1409    0.1699    0.9502    2.4169         0         0
    0.3630    0.2621    0.2882    0.2428    2.9860         0
    0.0090    0.0588    0.0139    0.0730    0.0523    0.2330


H =

   1.0e+07 *

    0.0119   -0.0557    0.0075    0.0018    0.0044    0.0039
   -0.0557    2.3618   -0.2903    0.0044    0.1764    0.0685
    0.0075   -0.2903    1.0029    0.0039    0.0685    0.2874
    0.0018    0.0044    0.0039    0.0066    0.0197    0.0201
    0.0044    0.1764    0.0685    0.0197    0.9258    0.0956
    0.0039    0.0685    0.2874    0.0201    0.0956    0.6793


H =

   1.0e+07 *

    2.3618   -0.0557   -0.2903    0.0685    0.1764    0.0044
   -0.0557    0.0119    0.0075    0.0039    0.0044    0.0018
   -0.2903    0.0075    1.0029    0.2874    0.0685    0.0039
    0.0685    0.0039    0.2874    0.6793    0.0956    0.0201
    0.1764    0.0044    0.0685    0.0956    0.9258    0.0197
    0.0044    0.0018    0.0039    0.0201    0.0197    0.0066


Funcval =

    0.1407


bound =

   5.0310e+03


C =

   1.0e+03 *

    4.7067         0         0         0         0         0
   -0.1368    0.2911         0         0         0         0
   -0.4704   -0.2086    2.8796         0         0         0
    0.3716    0.3464    0.2498    2.4870         0         0
    0.1003    0.2713    1.0419    0.2297    2.1536         0
    0.0106    0.0761    0.0299    0.0756    0.0396    0.2011


H =

   1.0e+07 *

    0.0103   -0.0644    0.0004    0.0021    0.0050    0.0065
   -0.0644    2.2153   -0.2214    0.0050    0.1749    0.0472
    0.0004   -0.2214    0.8557    0.0065    0.0472    0.2897
    0.0021    0.0050    0.0065    0.0055    0.0226    0.0156
    0.0050    0.1749    0.0472    0.0226    0.6506    0.0963
    0.0065    0.0472    0.2897    0.0156    0.0963    0.5860


H =

   1.0e+07 *

    2.2153   -0.0644   -0.2214    0.1749    0.0472    0.0050
   -0.0644    0.0103    0.0004    0.0050    0.0065    0.0021
   -0.2214    0.0004    0.8557    0.0472    0.2897    0.0065
    0.1749    0.0050    0.0472    0.6506    0.0963    0.0226
    0.0472    0.0065    0.2897    0.0963    0.5860    0.0156
    0.0050    0.0021    0.0065    0.0226    0.0156    0.0055


Funcval =

    0.1425


bound =

   5.0696e+03


C =

   1.0e+03 *

    4.8258         0         0         0         0         0
   -0.1142    2.8095         0         0         0         0
   -0.1165   -0.0526    0.2931         0         0         0
    0.3081    0.0910    0.3112    2.2079         0         0
    0.0457    0.8898    0.4293    0.5877    2.0363         0
    0.0105    0.0267    0.0714    0.1195   -0.0313    0.1668


H =

   1.0e+07 *

    0.0102   -0.0562   -0.0134    0.0018    0.0051    0.0074
   -0.0562    2.3288   -0.0551    0.0051    0.1487    0.0220
   -0.0134   -0.0551    0.7906    0.0074    0.0220    0.2495
    0.0018    0.0051    0.0074    0.0049    0.0292    0.0061
    0.0051    0.1487    0.0220    0.0292    0.5075    0.1526
    0.0074    0.0220    0.2495    0.0061    0.1526    0.5470


H =

   1.0e+07 *

    2.3288   -0.0551   -0.0562    0.1487    0.0220    0.0051
   -0.0551    0.7906   -0.0134    0.0220    0.2495    0.0074
   -0.0562   -0.0134    0.0102    0.0051    0.0074    0.0018
    0.1487    0.0220    0.0051    0.5075    0.1526    0.0292
    0.0220    0.2495    0.0074    0.1526    0.5470    0.0061
    0.0051    0.0074    0.0018    0.0292    0.0061    0.0049


Funcval =

    0.1492


bound =

   5.0079e+03


C =

   1.0e+03 *

    4.8421         0         0         0         0         0
   -0.1154    0.3024         0         0         0         0
   -0.3276   -0.1620    2.6717         0         0         0
    0.2194    0.3256    0.2740    2.0314         0         0
    0.1254    0.2311    1.0558   -0.9679    0.7693         0
    0.0151    0.0622    0.0264    0.0984    0.2245    0.1651


H =

   1.0e+07 *

    0.0105   -0.0559   -0.0011    0.0017    0.0073    0.0055
   -0.0559    2.3446   -0.1586    0.0073    0.1062    0.0607
   -0.0011   -0.1586    0.7272    0.0055    0.0607    0.2742
    0.0017    0.0073    0.0055    0.0038    0.0231    0.0122
    0.0073    0.1062    0.0607    0.0231    0.4356   -0.1574
    0.0055    0.0607    0.2742    0.0122   -0.1574    0.2713


H =

   1.0e+07 *

    2.3446   -0.0559   -0.1586    0.1062    0.0607    0.0073
   -0.0559    0.0105   -0.0011    0.0073    0.0055    0.0017
   -0.1586   -0.0011    0.7272    0.0607    0.2742    0.0055
    0.1062    0.0073    0.0607    0.4356   -0.1574    0.0231
    0.0607    0.0055    0.2742   -0.1574    0.2713    0.0122
    0.0073    0.0017    0.0055    0.0231    0.0122    0.0092


Funcval =

    0.1497


bound =

   4.6895e+03


C =

   1.0e+03 *

    4.5049         0         0         0         0         0
   -0.1232    0.2833         0         0         0         0
   -0.5850   -0.3725    2.3434         0         0         0
    0.2407    0.1032    0.3952    2.1425         0         0
   -0.0001    0.0596    0.0432    0.0414    0.1855         0
    0.1658    0.3513    1.2878   -1.2949    0.1792    0.2699


H =

   1.0e+07 *

    0.0095   -0.0555   -0.0033    0.0017   -0.0000    0.0079
   -0.0555    2.0294   -0.2635   -0.0000    0.1084    0.0747
   -0.0033   -0.2635    0.5972    0.0079    0.0747    0.2790
    0.0017   -0.0000    0.0079    0.0042    0.0112    0.0056
   -0.0000    0.1084    0.0747    0.0112    0.4815   -0.2189
    0.0079    0.0747    0.2790    0.0056   -0.2189    0.3591


H =

   1.0e+07 *

    2.0294   -0.0555   -0.2635    0.1084   -0.0000    0.0747
   -0.0555    0.0095   -0.0033   -0.0000    0.0017    0.0079
   -0.2635   -0.0033    0.5972    0.0747    0.0079    0.2790
    0.1084   -0.0000    0.0747    0.4815    0.0112   -0.2189
   -0.0000    0.0017    0.0079    0.0112    0.0042    0.0056
    0.0747    0.0079    0.2790   -0.2189    0.0056    0.3591


Funcval =

    0.1700


bound =

   4.7858e+03


C =

   1.0e+03 *

    4.4883         0         0         0         0         0
   -0.1055    0.3049         0         0         0         0
   -0.9510   -0.2731    2.6091         0         0         0
   -0.0038    0.0686    0.0172    0.2016         0         0
    0.4655    0.1057    0.6803    0.0113    2.3913         0
    0.2904    0.1981    1.4141   -0.2613   -1.6322    0.8527


H =

   1.0e+07 *

    0.0104   -0.0473    0.0017    0.0021   -0.0017    0.0030
   -0.0473    2.0145   -0.4268   -0.0017    0.2089    0.1304
    0.0017   -0.4268    0.7786    0.0030    0.1304    0.3359
    0.0021   -0.0017    0.0030    0.0046    0.0020   -0.0016
   -0.0017    0.2089    0.1304    0.0020    0.6409   -0.2788
    0.0030    0.1304    0.3359   -0.0016   -0.2788    0.4129


H =

   1.0e+07 *

    2.0145   -0.0473   -0.4268   -0.0017    0.2089    0.1304
   -0.0473    0.0104    0.0017    0.0021   -0.0017    0.0030
   -0.4268    0.0017    0.7786    0.0030    0.1304    0.3359
   -0.0017    0.0021    0.0030    0.0046    0.0020   -0.0016
    0.2089   -0.0017    0.1304    0.0020    0.6409   -0.2788
    0.1304    0.0030    0.3359   -0.0016   -0.2788    0.5583


Funcval =

    0.1762


bound =

   4.8840e+03


C =

   1.0e+03 *

    4.5212         0         0         0         0         0
   -0.0964    0.3165         0         0         0         0
   -0.7790   -0.1648    2.8854         0         0         0
   -0.0074    0.0608    0.0074    0.2098         0         0
    0.4527    0.0322    0.5147   -0.1643    2.6114         0
    0.2493    0.1302    1.1543   -0.0992   -1.1984    1.1418


H =

   1.0e+07 *

    0.0109   -0.0436    0.0023    0.0020   -0.0033    0.0017
   -0.0436    2.0442   -0.3522   -0.0033    0.2047    0.1127
    0.0023   -0.3522    0.8959    0.0017    0.1127    0.3115
    0.0020   -0.0033    0.0017    0.0048   -0.0032   -0.0006
   -0.0033    0.2047    0.1127   -0.0032    0.7317   -0.2402
    0.0017    0.1127    0.3115   -0.0006   -0.2402    0.4161


H =

   1.0e+07 *

    2.0442   -0.0436   -0.3522   -0.0033    0.2047    0.1127
   -0.0436    0.0109    0.0023    0.0020   -0.0033    0.0017
   -0.3522    0.0023    0.8959    0.0017    0.1127    0.3115
   -0.0033    0.0020    0.0017    0.0048   -0.0032   -0.0006
    0.2047   -0.0033    0.1127   -0.0032    0.7317   -0.2402
    0.1127    0.0017    0.3115   -0.0006   -0.2402    0.4161


Funcval =

    0.1863


bound =

   4.7202e+03


C =

   1.0e+03 *

   4.3878 + 0.0000i   0.0000 + 0.0000i   0.0000 + 0.0000i   0.0000 + 0.0000i   0.0000 + 0.0000i   0.0000 + 0.0000i
  -0.0962 + 0.0000i   0.3054 + 0.0000i   0.0000 + 0.0000i   0.0000 + 0.0000i   0.0000 + 0.0000i   0.0000 + 0.0000i
  -0.7789 + 0.0000i  -0.0407 + 0.0000i   2.7943 + 0.0000i   0.0000 + 0.0000i   0.0000 + 0.0000i   0.0000 + 0.0000i
   0.5006 + 0.0000i   0.0179 + 0.0000i   0.5765 + 0.0000i   2.4458 + 0.0000i   0.0000 + 0.0000i   0.0000 + 0.0000i
  -0.0097 + 0.0000i   0.0665 + 0.0000i   0.0110 + 0.0000i  -0.0272 + 0.0000i   0.1857 + 0.0000i   0.0000 + 0.0000i
   0.2781 + 0.0000i   0.2043 + 0.0000i   1.2126 + 0.0000i  -1.3794 + 0.0000i  -0.8257 + 0.0000i   0.0000 + 0.7884i


H =

   1.0e+07 *

    0.0102   -0.0422    0.0062    0.0021   -0.0043    0.0036
   -0.0422    1.9253   -0.3418   -0.0043    0.2197    0.1220
    0.0062   -0.3418    0.8416    0.0036    0.1220    0.3163
    0.0021   -0.0043    0.0036    0.0040   -0.0064   -0.0092
   -0.0043    0.2197    0.1220   -0.0064    0.6565   -0.2532
    0.0036    0.1220    0.3163   -0.0092   -0.2532    0.3432


H =

   1.0e+07 *

    1.9253   -0.0422   -0.3418    0.2197   -0.0043    0.1220
   -0.0422    0.0102    0.0062   -0.0043    0.0021    0.0036
   -0.3418    0.0062    0.8416    0.1220    0.0036    0.3163
    0.2197   -0.0043    0.1220    0.6565   -0.0064   -0.2532
   -0.0043    0.0021    0.0036   -0.0064    0.0040   -0.0092
    0.1220    0.0036    0.3163   -0.2532   -0.0092    0.4795


Funcval =

    0.2451


bound =

   4.3932e+03


C =

   1.0e+03 *

    4.0109         0         0         0         0         0
   -1.4084    2.0972         0         0         0         0
    1.0766    1.4657    2.1867         0         0         0
    0.3883    2.1464   -2.9058    3.2341         0         0
   -0.0597   -0.0045    0.0286   -0.0673    0.2777         0
   -0.0021    0.0470   -0.2008    0.2977    0.0670    0.2625


H =

   1.0e+07 *

    0.0077   -0.0239    0.0075    0.0033   -0.0008    0.0101
   -0.0239    1.6087   -0.5649   -0.0008    0.4318    0.1558
    0.0075   -0.5649    0.6382    0.0101    0.1558    0.3954
    0.0033   -0.0008    0.0101    0.0027   -0.0373   -0.0279
   -0.0008    0.4318    0.1558   -0.0373    0.8089   -0.2790
    0.0101    0.1558    0.3954   -0.0279   -0.2790    0.2742


H =

   1.0e+07 *

    1.6087   -0.5649    0.4318    0.1558   -0.0239   -0.0008
   -0.5649    0.6382    0.1558    0.3954    0.0075    0.0101
    0.4318    0.1558    0.8089   -0.2790   -0.0008   -0.0373
    0.1558    0.3954   -0.2790    2.3661   -0.0334    0.1647
   -0.0239    0.0075   -0.0008   -0.0334    0.0086   -0.0007
   -0.0008    0.0101   -0.0373    0.1647   -0.0007    0.0205


Funcval =

    0.2532


bound =

   4.3447e+03


C =

   1.0e+03 *

   4.0087 + 0.0000i   0.0000 + 0.0000i   0.0000 + 0.0000i   0.0000 + 0.0000i   0.0000 + 0.0000i   0.0000 + 0.0000i
   0.3744 + 0.0000i   1.7349 + 0.0000i   0.0000 + 0.0000i   0.0000 + 0.0000i   0.0000 + 0.0000i   0.0000 + 0.0000i
  -1.4495 + 0.0000i   2.6153 + 0.0000i   1.5765 + 0.0000i   0.0000 + 0.0000i   0.0000 + 0.0000i   0.0000 + 0.0000i
   1.1213 + 0.0000i  -2.1548 + 0.0000i   5.5576 + 0.0000i   0.0000 + 5.4745i   0.0000 + 0.0000i   0.0000 + 0.0000i
  -0.0068 + 0.0000i  -0.1669 + 0.0000i   0.0798 + 0.0000i   0.0000 + 0.2077i   0.2708 + 0.0000i   0.0000 + 0.0000i
  -0.0641 + 0.0000i   0.0787 + 0.0000i  -0.0650 + 0.0000i   0.0000 - 0.1052i   0.0684 + 0.0000i   0.2637 + 0.0000i

row: 4 col: 3

C =

   1.0e+03 *

   4.0087 + 0.0000i   0.0000 + 0.0000i   0.0000 + 0.0000i   0.0000 + 0.0000i   0.0000 + 0.0000i   0.0000 + 0.0000i
   0.3744 + 0.0000i   1.7349 + 0.0000i   0.0000 + 0.0000i   0.0000 + 0.0000i   0.0000 + 0.0000i   0.0000 + 0.0000i
  -1.4495 + 0.0000i   2.6153 + 0.0000i   3.4381 + 0.0000i   0.0000 + 0.0000i   0.0000 + 0.0000i   0.0000 + 0.0000i
   1.1213 + 0.0000i  -2.1548 + 0.0000i   2.5484 + 0.0000i   0.0000 + 2.3617i   0.0000 + 0.0000i   0.0000 + 0.0000i
  -0.0068 + 0.0000i  -0.1669 + 0.0000i  -0.1891 + 0.0000i   0.0000 + 0.0896i   0.2708 + 0.0000i   0.0000 + 0.0000i
  -0.0641 + 0.0000i   0.0787 + 0.0000i   0.0421 + 0.0000i   0.0000 - 0.0454i   0.0684 + 0.0000i   0.2637 + 0.0000i


H =

   1.0e+07 *

    0.0074   -0.0257    0.0065    0.0033   -0.0027    0.0113
   -0.0257    1.6070   -0.5811   -0.0027    0.4495    0.1501
    0.0065   -0.5811    0.6455    0.0113    0.1501    0.3995
    0.0033   -0.0027    0.0113    0.0030   -0.0342   -0.0292
   -0.0027    0.4495    0.1501   -0.0342    0.6817   -0.3319
    0.0113    0.1501    0.3995   -0.0292   -0.3319    0.3150


H =

   1.0e+07 *

    1.6070    0.1501   -0.5811    0.4495   -0.0027   -0.0257
    0.1501    0.3150    0.3995   -0.3319   -0.0292    0.0113
   -0.5811    0.3995    2.0762    0.1501   -0.1077    0.0443
    0.4495   -0.3319    0.1501    1.7972    0.0082   -0.0241
   -0.0027   -0.0292   -0.1077    0.0082    0.0145   -0.0006
   -0.0257    0.0113    0.0443   -0.0241   -0.0006    0.0088


Funcval =

    0.2658


bound =

   4.1247e+03


C =

   1.0e+03 *

   3.6872 + 0.0000i   0.0000 + 0.0000i   0.0000 + 0.0000i   0.0000 + 0.0000i   0.0000 + 0.0000i   0.0000 + 0.0000i
   0.3304 + 0.0000i   1.9808 + 0.0000i   0.0000 + 0.0000i   0.0000 + 0.0000i   0.0000 + 0.0000i   0.0000 + 0.0000i
  -1.5616 + 0.0000i   2.2838 + 0.0000i   1.2858 + 0.0000i   0.0000 + 0.0000i   0.0000 + 0.0000i   0.0000 + 0.0000i
   1.2626 + 0.0000i  -1.5459 + 0.0000i   5.2264 + 0.0000i   0.0000 + 4.9057i   0.0000 + 0.0000i   0.0000 + 0.0000i
  -0.0101 + 0.0000i  -0.1070 + 0.0000i   0.0804 + 0.0000i   0.0000 + 0.1653i   0.2504 + 0.0000i   0.0000 + 0.0000i
  -0.0422 + 0.0000i   0.0682 + 0.0000i  -0.0617 + 0.0000i   0.0000 - 0.0905i   0.0973 + 0.0000i   0.2329 + 0.0000i

row: 4 col: 3

C =

   1.0e+03 *

   3.6872 + 0.0000i   0.0000 + 0.0000i   0.0000 + 0.0000i   0.0000 + 0.0000i   0.0000 + 0.0000i   0.0000 + 0.0000i
   0.3304 + 0.0000i   1.9808 + 0.0000i   0.0000 + 0.0000i   0.0000 + 0.0000i   0.0000 + 0.0000i   0.0000 + 0.0000i
  -1.5616 + 0.0000i   2.2838 + 0.0000i   3.0843 + 0.0000i   0.0000 + 0.0000i   0.0000 + 0.0000i   0.0000 + 0.0000i
   1.2626 + 0.0000i  -1.5459 + 0.0000i   2.1789 + 0.0000i   0.0000 + 1.2240i   0.0000 + 0.0000i   0.0000 + 0.0000i
  -0.0101 + 0.0000i  -0.1070 + 0.0000i  -0.1562 + 0.0000i   0.0000 + 0.0412i   0.2504 + 0.0000i   0.0000 + 0.0000i
  -0.0422 + 0.0000i   0.0682 + 0.0000i   0.0430 + 0.0000i   0.0000 - 0.0226i   0.0973 + 0.0000i   0.2329 + 0.0000i


H =

   1.0e+07 *

    0.0063   -0.0156    0.0053    0.0034   -0.0037    0.0121
   -0.0156    1.3596   -0.5758   -0.0037    0.4656    0.1218
    0.0053   -0.5758    0.6001    0.0121    0.1218    0.4008
    0.0034   -0.0037    0.0121    0.0035   -0.0238   -0.0215
   -0.0037    0.4656    0.1218   -0.0238    0.7234   -0.2645
    0.0121    0.1218    0.4008   -0.0215   -0.2645    0.4033


H =

   1.0e+07 *

    1.3596    0.1218   -0.5758    0.4656   -0.0037   -0.0156
    0.1218    0.4033    0.4008   -0.2645   -0.0215    0.0121
   -0.5758    0.4008    1.7167    0.1218   -0.0710    0.0354
    0.4656   -0.2645    0.1218    1.0230   -0.0137   -0.0093
   -0.0037   -0.0215   -0.0710   -0.0137    0.0100    0.0010
   -0.0156    0.0121    0.0354   -0.0093    0.0010    0.0072


Funcval =

    0.2774


bound =

   3.9105e+03


C =

   1.0e+03 *

   3.5570 + 0.0000i   0.0000 + 0.0000i   0.0000 + 0.0000i   0.0000 + 0.0000i   0.0000 + 0.0000i   0.0000 + 0.0000i
   0.2459 + 0.0000i   2.2245 + 0.0000i   0.0000 + 0.0000i   0.0000 + 0.0000i   0.0000 + 0.0000i   0.0000 + 0.0000i
  -1.5008 + 0.0000i   1.8522 + 0.0000i   0.5906 + 0.0000i   0.0000 + 0.0000i   0.0000 + 0.0000i   0.0000 + 0.0000i
   1.4962 + 0.0000i  -1.1620 + 0.0000i   8.9271 + 0.0000i   0.0000 + 8.9225i   0.0000 + 0.0000i   0.0000 + 0.0000i
  -0.0177 + 0.0000i  -0.0633 + 0.0000i   0.3727 + 0.0000i   0.0000 + 0.3828i   0.1891 + 0.0000i   0.0000 + 0.0000i
  -0.0723 + 0.0000i   0.0661 + 0.0000i  -0.3787 + 0.0000i   0.0000 - 0.3917i   0.1569 + 0.0000i   0.1858 + 0.0000i

row: 4 col: 3

C =

   1.0e+03 *

   3.5570 + 0.0000i   0.0000 + 0.0000i   0.0000 + 0.0000i   0.0000 + 0.0000i   0.0000 + 0.0000i   0.0000 + 0.0000i
   0.2459 + 0.0000i   2.2245 + 0.0000i   0.0000 + 0.0000i   0.0000 + 0.0000i   0.0000 + 0.0000i   0.0000 + 0.0000i
  -1.5008 + 0.0000i   1.8522 + 0.0000i   2.6502 + 0.0000i   0.0000 + 0.0000i   0.0000 + 0.0000i   0.0000 + 0.0000i
   1.4962 + 0.0000i  -1.1620 + 0.0000i   1.9895 + 0.0000i   0.0000 + 1.9685i   0.0000 + 0.0000i   0.0000 + 0.0000i
  -0.0177 + 0.0000i  -0.0633 + 0.0000i   0.0391 + 0.0000i   0.0000 + 0.0844i   0.1891 + 0.0000i   0.0000 + 0.0000i
  -0.0723 + 0.0000i   0.0661 + 0.0000i  -0.0278 + 0.0000i   0.0000 - 0.0864i   0.1569 + 0.0000i   0.1858 + 0.0000i


H =

   1.0e+07 *

    0.0058   -0.0257    0.0007    0.0036   -0.0063    0.0129
   -0.0257    1.2652   -0.5338   -0.0063    0.5322    0.0875
    0.0007   -0.5338    0.6032    0.0129    0.0875    0.3751
    0.0036   -0.0063    0.0129    0.0032   -0.0048   -0.0145
   -0.0063    0.5322    0.0875   -0.0048    0.3506   -0.2217
    0.0129    0.0875    0.3751   -0.0145   -0.2217    0.5009


H =

   1.0e+07 *

    1.2652    0.0875   -0.5338    0.5322   -0.0063   -0.0257
    0.0875    0.5009    0.3751   -0.2217   -0.0145    0.0129
   -0.5338    0.3751    1.2707    0.0875    0.0013    0.0157
    0.5322   -0.2217    0.0875    1.1422    0.0291   -0.0410
   -0.0063   -0.0145    0.0013    0.0291    0.0049    0.0018
   -0.0257    0.0129    0.0157   -0.0410    0.0018    0.0077


Funcval =

    0.3020


bound =

   3.1158e+03


C =

   1.0e+03 *

   2.6973 + 0.0000i   0.0000 + 0.0000i   0.0000 + 0.0000i   0.0000 + 0.0000i   0.0000 + 0.0000i   0.0000 + 0.0000i
   2.1140 + 0.0000i   1.6663 + 0.0000i   0.0000 + 0.0000i   0.0000 + 0.0000i   0.0000 + 0.0000i   0.0000 + 0.0000i
  -2.1278 + 0.0000i   3.2052 + 0.0000i   0.0000 + 2.9890i   0.0000 + 0.0000i   0.0000 + 0.0000i   0.0000 + 0.0000i
  -0.0073 + 0.0000i   0.1475 + 0.0000i   0.0000 + 0.1001i   0.1734 + 0.0000i   0.0000 + 0.0000i   0.0000 + 0.0000i
   0.3123 + 0.0000i   1.7202 + 0.0000i   0.0000 + 0.1823i  -0.2277 + 0.0000i   2.6272 + 0.0000i   0.0000 + 0.0000i
  -0.0673 + 0.0000i   0.0969 + 0.0000i   0.0000 + 0.0795i   0.1934 + 0.0000i   0.0198 + 0.0000i   0.0708 + 0.0000i

row: 3 col: 2

C =

   1.0e+03 *

   2.6973 + 0.0000i   0.0000 + 0.0000i   0.0000 + 0.0000i   0.0000 + 0.0000i   0.0000 + 0.0000i   0.0000 + 0.0000i
   2.1140 + 0.0000i   2.1512 + 0.0000i   0.0000 + 0.0000i   0.0000 + 0.0000i   0.0000 + 0.0000i   0.0000 + 0.0000i
  -2.1278 + 0.0000i   2.4827 + 0.0000i   0.0000 + 2.1965i   0.0000 + 0.0000i   0.0000 + 0.0000i   0.0000 + 0.0000i
  -0.0073 + 0.0000i   0.1349 + 0.0000i   0.0000 + 0.0736i   0.1734 + 0.0000i   0.0000 + 0.0000i   0.0000 + 0.0000i
   0.3123 + 0.0000i   2.1198 + 0.0000i   0.0000 + 0.1340i  -0.2277 + 0.0000i   2.6272 + 0.0000i   0.0000 + 0.0000i
  -0.0673 + 0.0000i   0.0811 + 0.0000i   0.0000 + 0.0584i   0.1934 + 0.0000i   0.0198 + 0.0000i   0.0708 + 0.0000i


H =

   1.0e+06 *

    0.0382   -0.1814    0.1450    0.0370   -0.0196    0.0992
   -0.1814    7.2755   -5.7395   -0.0196    5.7022    0.8425
    0.1450   -5.7395    3.1887    0.0992    0.8425    4.1406
    0.0370   -0.0196    0.0992    0.0356    0.0967    0.0659
   -0.0196    5.7022    0.8425    0.0967    1.6925   -1.5545
    0.0992    0.8425    4.1406    0.0659   -1.5545    5.3178


H =

   1.0e+07 *

    0.7275    0.5702   -0.5739   -0.0020    0.0842   -0.0181
    0.5702    0.9097    0.0842    0.0275    0.5221    0.0032
   -0.5739    0.0842    1.5516    0.0512    0.4893    0.0473
   -0.0020    0.0275    0.0512    0.0054    0.0254    0.0049
    0.0842    0.5221    0.4893    0.0254    1.1563    0.0167
   -0.0181    0.0032    0.0473    0.0049    0.0167    0.0057


Funcval =

    0.2948


bound =

   3.6707e+03


C =

   1.0e+03 *

    3.2955         0         0         0         0         0
   -0.0404    0.2214         0         0         0         0
    0.2790    0.3086    1.8481         0         0         0
   -2.0286   -0.0108    2.5942    2.4116         0         0
    1.6251   -0.0424   -0.6489   -2.4462    2.8216         0
   -0.0228    0.1655    0.1098    0.1129    0.0126    0.1087


H =

   1.0e+07 *

    0.0051   -0.0133    0.0080    0.0038   -0.0075    0.0057
   -0.0133    1.0860   -0.6685   -0.0075    0.5356    0.0920
    0.0080   -0.6685    0.5029    0.0057    0.0920    0.4225
    0.0038   -0.0075    0.0057    0.0039    0.0196    0.0248
   -0.0075    0.5356    0.0920    0.0196    0.5042   -0.0759
    0.0057    0.0920    0.4225    0.0248   -0.0759    0.3589


H =

   1.0e+07 *

    1.0860   -0.0133    0.0920   -0.6685    0.5356   -0.0075
   -0.0133    0.0051    0.0057    0.0080   -0.0075    0.0038
    0.0920    0.0057    0.3589    0.4225   -0.0759    0.0248
   -0.6685    0.0080    0.4225    1.6661   -1.0879    0.0602
    0.5356   -0.0075   -0.0759   -1.0879    1.7009   -0.0356
   -0.0075    0.0038    0.0248    0.0602   -0.0356    0.0065


Funcval =

    0.3446


bound =

   3.2040e+03


C =

   1.0e+03 *

    2.0851         0         0         0         0         0
   -1.7668    2.4558         0         0         0         0
    0.9042    2.1263    2.3256         0         0         0
    1.2395    1.6594    3.4505    2.4439         0         0
    0.1365    0.1058    0.1661    0.1204    0.1955         0
    0.0315    0.0071    0.1560    0.2336    0.1177    0.2113

row: 4 col: 3

C =

   1.0e+03 *

    2.0851         0         0         0         0         0
   -1.7668    2.4558         0         0         0         0
    0.9042    2.1263    2.7176         0         0         0
    1.2395    1.6594    4.0321    2.4439         0         0
    0.1365    0.1058    0.1941    0.1204    0.1955         0
    0.0315    0.0071    0.1823    0.2336    0.1177    0.2113

row: 4 col: 3

C =

   1.0e+03 *

    2.0851         0         0         0         0         0
   -1.7668    2.4558         0         0         0         0
    0.9042    2.1263    2.7176         0         0         0
    1.2395    1.6594    4.0321    2.4439         0         0
    0.1365    0.1058    0.1941    0.1204    0.1955         0
    0.0315    0.0071    0.1823    0.2336    0.1177    0.2113

row: 4 col: 3

C =

   1.0e+03 *

    2.0851         0         0         0         0         0
   -1.7668    2.4558         0         0         0         0
    0.9042    2.1263    2.7176         0         0         0
    1.2395    1.6594    4.0321    2.4439         0         0
    0.1365    0.1058    0.1941    0.1204    0.1955         0
    0.0315    0.0071    0.1823    0.2336    0.1177    0.2113

row: 4 col: 3

C =

   1.0e+03 *

    2.0851         0         0         0         0         0
   -1.7668    2.4558         0         0         0         0
    0.9042    2.1263    2.7176         0         0         0
    1.2395    1.6594    4.0321    2.4439         0         0
    0.1365    0.1058    0.1941    0.1204    0.1955         0
    0.0315    0.0071    0.1823    0.2336    0.1177    0.2113

row: 4 col: 3

C =

   1.0e+03 *

    2.0851         0         0         0         0         0
   -1.7668    2.4558         0         0         0         0
    0.9042    2.1263    2.7176         0         0         0
    1.2395    1.6594    4.0321    2.4439         0         0
    0.1365    0.1058    0.1941    0.1204    0.1955         0
    0.0315    0.0071    0.1823    0.2336    0.1177    0.2113

row: 4 col: 3

C =

   1.0e+03 *

    2.0851         0         0         0         0         0
   -1.7668    2.4558         0         0         0         0
    0.9042    2.1263    2.7176         0         0         0
    1.2395    1.6594    4.0321    2.4439         0         0
    0.1365    0.1058    0.1941    0.1204    0.1955         0
    0.0315    0.0071    0.1823    0.2336    0.1177    0.2113

row: 4 col: 3

C =

   1.0e+03 *

    2.0851         0         0         0         0         0
   -1.7668    2.4558         0         0         0         0
    0.9042    2.1263    2.7176         0         0         0
    1.2395    1.6594    4.0321    2.4439         0         0
    0.1365    0.1058    0.1941    0.1204    0.1955         0
    0.0315    0.0071    0.1823    0.2336    0.1177    0.2113

row: 4 col: 3

C =

   1.0e+03 *

    2.0851         0         0         0         0         0
   -1.7668    2.4558         0         0         0         0
    0.9042    2.1263    2.7176         0         0         0
    1.2395    1.6594    4.0321    2.4439         0         0
    0.1365    0.1058    0.1941    0.1204    0.1955         0
    0.0315    0.0071    0.1823    0.2336    0.1177    0.2113

row: 4 col: 3

C =

   1.0e+03 *

    2.0851         0         0         0         0         0
   -1.7668    2.4558         0         0         0         0
    0.9042    2.1263    2.7176         0         0         0
    1.2395    1.6594    4.0321    2.4439         0         0
    0.1365    0.1058    0.1941    0.1204    0.1955         0
    0.0315    0.0071    0.1823    0.2336    0.1177    0.2113

row: 4 col: 3

C =

   1.0e+03 *

    2.0851         0         0         0         0         0
   -1.7668    2.4558         0         0         0         0
    0.9042    2.1263    2.7176         0         0         0
    1.2395    1.6594    4.0321    2.4439         0         0
    0.1365    0.1058    0.1941    0.1204    0.1955         0
    0.0315    0.0071    0.1823    0.2336    0.1177    0.2113

row: 4 col: 3

C =

   1.0e+03 *

    2.0851         0         0         0         0         0
   -1.7668    2.4558         0         0         0         0
    0.9042    2.1263    2.7176         0         0         0
    1.2395    1.6594    4.0321    2.4439         0         0
    0.1365    0.1058    0.1941    0.1204    0.1955         0
    0.0315    0.0071    0.1823    0.2336    0.1177    0.2113

row: 4 col: 3

C =

   1.0e+03 *

    2.0851         0         0         0         0         0
   -1.7668    2.4558         0         0         0         0
    0.9042    2.1263    2.7176         0         0         0
    1.2395    1.6594    4.0321    2.4439         0         0
    0.1365    0.1058    0.1941    0.1204    0.1955         0
    0.0315    0.0071    0.1823    0.2336    0.1177    0.2113

row: 4 col: 3

C =

   1.0e+03 *

    2.0851         0         0         0         0         0
   -1.7668    2.4558         0         0         0         0
    0.9042    2.1263    2.7176         0         0         0
    1.2395    1.6594    4.0321    2.4439         0         0
    0.1365    0.1058    0.1941    0.1204    0.1955         0
    0.0315    0.0071    0.1823    0.2336    0.1177    0.2113

row: 4 col: 3

C =

   1.0e+03 *

    2.0851         0         0         0         0         0
   -1.7668    2.4558         0         0         0         0
    0.9042    2.1263    2.7176         0         0         0
    1.2395    1.6594    4.0321    2.4439         0         0
    0.1365    0.1058    0.1941    0.1204    0.1955         0
    0.0315    0.0071    0.1823    0.2336    0.1177    0.2113

row: 4 col: 3

C =

   1.0e+03 *

    2.0851         0         0         0         0         0
   -1.7668    2.4558         0         0         0         0
    0.9042    2.1263    2.7176         0         0         0
    1.2395    1.6594    4.0321    2.4439         0         0
    0.1365    0.1058    0.1941    0.1204    0.1955         0
    0.0315    0.0071    0.1823    0.2336    0.1177    0.2113

row: 4 col: 3

C =

   1.0e+03 *

    2.0851         0         0         0         0         0
   -1.7668    2.4558         0         0         0         0
    0.9042    2.1263    2.7176         0         0         0
    1.2395    1.6594    4.0321    2.4439         0         0
    0.1365    0.1058    0.1941    0.1204    0.1955         0
    0.0315    0.0071    0.1823    0.2336    0.1177    0.2113

row: 4 col: 3

C =

   1.0e+03 *

    2.0851         0         0         0         0         0
   -1.7668    2.4558         0         0         0         0
    0.9042    2.1263    2.7176         0         0         0
    1.2395    1.6594    4.0321    2.4439         0         0
    0.1365    0.1058    0.1941    0.1204    0.1955         0
    0.0315    0.0071    0.1823    0.2336    0.1177    0.2113

row: 4 col: 3

C =

   1.0e+03 *

    2.0851         0         0         0         0         0
   -1.7668    2.4558         0         0         0         0
    0.9042    2.1263    2.7176         0         0         0
    1.2395    1.6594    4.0321    2.4439         0         0
    0.1365    0.1058    0.1941    0.1204    0.1955         0
    0.0315    0.0071    0.1823    0.2336    0.1177    0.2113

row: 4 col: 3

C =

   1.0e+03 *

    2.0851         0         0         0         0         0
   -1.7668    2.4558         0         0         0         0
    0.9042    2.1263    2.7176         0         0         0
    1.2395    1.6594    4.0321    2.4439         0         0
    0.1365    0.1058    0.1941    0.1204    0.1955         0
    0.0315    0.0071    0.1823    0.2336    0.1177    0.2113

row: 4 col: 3

C =

   1.0e+03 *

    2.0851         0         0         0         0         0
   -1.7668    2.4558         0         0         0         0
    0.9042    2.1263    2.7176         0         0         0
    1.2395    1.6594    4.0321    2.4439         0         0
    0.1365    0.1058    0.1941    0.1204    0.1955         0
    0.0315    0.0071    0.1823    0.2336    0.1177    0.2113

row: 4 col: 3

C =

   1.0e+03 *

    2.0851         0         0         0         0         0
   -1.7668    2.4558         0         0         0         0
    0.9042    2.1263    2.7176         0         0         0
    1.2395    1.6594    4.0321    2.4439         0         0
    0.1365    0.1058    0.1941    0.1204    0.1955         0
    0.0315    0.0071    0.1823    0.2336    0.1177    0.2113

row: 4 col: 3

C =

   1.0e+03 *

    2.0851         0         0         0         0         0
   -1.7668    2.4558         0         0         0         0
    0.9042    2.1263    2.7176         0         0         0
    1.2395    1.6594    4.0321    2.4439         0         0
    0.1365    0.1058    0.1941    0.1204    0.1955         0
    0.0315    0.0071    0.1823    0.2336    0.1177    0.2113

row: 4 col: 3

C =

   1.0e+03 *

    2.0851         0         0         0         0         0
   -1.7668    2.4558         0         0         0         0
    0.9042    2.1263    2.7176         0         0         0
    1.2395    1.6594    4.0321    2.4439         0         0
    0.1365    0.1058    0.1941    0.1204    0.1955         0
    0.0315    0.0071    0.1823    0.2336    0.1177    0.2113

row: 4 col: 3

C =

   1.0e+03 *

    2.0851         0         0         0         0         0
   -1.7668    2.4558         0         0         0         0
    0.9042    2.1263    2.7176         0         0         0
    1.2395    1.6594    4.0321    2.4439         0         0
    0.1365    0.1058    0.1941    0.1204    0.1955         0
    0.0315    0.0071    0.1823    0.2336    0.1177    0.2113

row: 4 col: 3

C =

   1.0e+03 *

    2.0851         0         0         0         0         0
   -1.7668    2.4558         0         0         0         0
    0.9042    2.1263    2.7176         0         0         0
    1.2395    1.6594    4.0321    2.4439         0         0
    0.1365    0.1058    0.1941    0.1204    0.1955         0
    0.0315    0.0071    0.1823    0.2336    0.1177    0.2113

row: 4 col: 3

C =

   1.0e+03 *

    2.0851         0         0         0         0         0
   -1.7668    2.4558         0         0         0         0
    0.9042    2.1263    2.7176         0         0         0
    1.2395    1.6594    4.0321    2.4439         0         0
    0.1365    0.1058    0.1941    0.1204    0.1955         0
    0.0315    0.0071    0.1823    0.2336    0.1177    0.2113

row: 4 col: 3

C =

   1.0e+03 *

    2.0851         0         0         0         0         0
   -1.7668    2.4558         0         0         0         0
    0.9042    2.1263    2.7176         0         0         0
    1.2395    1.6594    4.0321    2.4439         0         0
    0.1365    0.1058    0.1941    0.1204    0.1955         0
    0.0315    0.0071    0.1823    0.2336    0.1177    0.2113

row: 4 col: 3

C =

   1.0e+03 *

    2.0851         0         0         0         0         0
   -1.7668    2.4558         0         0         0         0
    0.9042    2.1263    2.7176         0         0         0
    1.2395    1.6594    4.0321    2.4439         0         0
    0.1365    0.1058    0.1941    0.1204    0.1955         0
    0.0315    0.0071    0.1823    0.2336    0.1177    0.2113

row: 4 col: 3

C =

   1.0e+03 *

    2.0851         0         0         0         0         0
   -1.7668    2.4558         0         0         0         0
    0.9042    2.1263    2.7176         0         0         0
    1.2395    1.6594    4.0321    2.4439         0         0
    0.1365    0.1058    0.1941    0.1204    0.1955         0
    0.0315    0.0071    0.1823    0.2336    0.1177    0.2113

row: 4 col: 3

C =

   1.0e+03 *

    2.0851         0         0         0         0         0
   -1.7668    2.4558         0         0         0         0
    0.9042    2.1263    2.7176         0         0         0
