close all; clear; clc; dicNR_temp
 
B =
 
[ P2 + 1,     P3, P1]
[     P5, P6 + 1, P4]
[      0,      0,  1]
 

elements =

    21


ans =

    21     5


ans =

    21     2

image 26

P =

    0.9293   -0.0000    0.0000   -0.0002   -0.0000   -0.0000


stepChange =

    0.9396         0         0         0         0         0


Funcval =

    0.0012


P =

    0.9293   -0.0000    0.0000   -0.3025   -0.0000   -0.0000


stepChange =

         0         0         0   -0.3022         0         0


Funcval =

   3.0487e-04


P =

    0.9296   -0.0000    0.0000   -0.3025   -0.0000   -0.0000


stepChange =

   1.0e-03 *

    0.3553   -0.0008    0.0017   -0.0531   -0.0057   -0.0064


Funcval =

   3.0460e-04


P =

    0.9300   -0.0000    0.0000   -0.3026   -0.0000   -0.0000


stepChange =

   1.0e-03 *

    0.3521   -0.0008    0.0017   -0.0525   -0.0056   -0.0063


Funcval =

   3.0433e-04


P =

    0.9303   -0.0000    0.0000   -0.3026   -0.0000   -0.0000


stepChange =

   1.0e-03 *

    0.3489   -0.0008    0.0017   -0.0519   -0.0055   -0.0062


Funcval =

   3.0407e-04


P =

    0.9307   -0.0000    0.0000   -0.3027   -0.0000   -0.0000


stepChange =

   1.0e-03 *

    0.3456   -0.0008    0.0017   -0.0513   -0.0055   -0.0062


Funcval =

   3.0381e-04


P =

    0.9310   -0.0000    0.0000   -0.3027   -0.0000   -0.0000


stepChange =

   1.0e-03 *

    0.3425   -0.0008    0.0017   -0.0507   -0.0054   -0.0061


Funcval =

   3.0356e-04


P =

    0.9314   -0.0000    0.0000   -0.3028   -0.0000   -0.0000


stepChange =

   1.0e-03 *

    0.3393   -0.0008    0.0017   -0.0501   -0.0053   -0.0060


Funcval =

   3.0331e-04


P =

    0.9317   -0.0000    0.0000   -0.3028   -0.0000   -0.0000


stepChange =

   1.0e-03 *

    0.3362   -0.0008    0.0017   -0.0496   -0.0053   -0.0059


Funcval =

   3.0306e-04


P =

    0.9320   -0.0000    0.0000   -0.3029   -0.0001   -0.0001


stepChange =

   1.0e-03 *

    0.3331   -0.0007    0.0017   -0.0490   -0.0052   -0.0059


Funcval =

   3.0283e-04


P =

    0.9324   -0.0000    0.0000   -0.3029   -0.0001   -0.0001


stepChange =

   1.0e-03 *

    0.3300   -0.0007    0.0017   -0.0484   -0.0051   -0.0058


Funcval =

   3.0259e-04


P =

    0.9327   -0.0000    0.0000   -0.3030   -0.0001   -0.0001


stepChange =

   1.0e-03 *

    0.3270   -0.0007    0.0016   -0.0479   -0.0051   -0.0057


Funcval =

   3.0236e-04


P =

    0.9330   -0.0000    0.0000   -0.3030   -0.0001   -0.0001


stepChange =

   1.0e-03 *

    0.3240   -0.0007    0.0016   -0.0473   -0.0050   -0.0056


Funcval =

   3.0214e-04


P =

    0.9333   -0.0000    0.0000   -0.3031   -0.0001   -0.0001


stepChange =

   1.0e-03 *

    0.3210   -0.0007    0.0016   -0.0468   -0.0049   -0.0056


Funcval =

   3.0192e-04


P =

    0.9337   -0.0000    0.0000   -0.3031   -0.0001   -0.0001


stepChange =

   1.0e-03 *

    0.3180   -0.0007    0.0016   -0.0462   -0.0049   -0.0055


Funcval =

   3.0170e-04


P =

    0.9340   -0.0000    0.0000   -0.3031   -0.0001   -0.0001


stepChange =

   1.0e-03 *

    0.3151   -0.0007    0.0016   -0.0457   -0.0048   -0.0054


Funcval =

   3.0149e-04


P =

    0.9343   -0.0000    0.0000   -0.3032   -0.0001   -0.0001


stepChange =

   1.0e-03 *

    0.3122   -0.0007    0.0016   -0.0452   -0.0048   -0.0054


Funcval =

   3.0128e-04


P =

    0.9346   -0.0000    0.0000   -0.3032   -0.0001   -0.0001


stepChange =

   1.0e-03 *

    0.3093   -0.0007    0.0016   -0.0446   -0.0047   -0.0053


Funcval =

   3.0108e-04


P =

    0.9349   -0.0000    0.0000   -0.3033   -0.0001   -0.0001


stepChange =

   1.0e-03 *

    0.3064   -0.0007    0.0016   -0.0441   -0.0046   -0.0053


Funcval =

   3.0088e-04


P =

    0.9352   -0.0000    0.0000   -0.3033   -0.0001   -0.0001


stepChange =

   1.0e-03 *

    0.3036   -0.0006    0.0016   -0.0436   -0.0046   -0.0052


Funcval =

   3.0068e-04


P =

    0.9355   -0.0000    0.0000   -0.3034   -0.0001   -0.0001


stepChange =

   1.0e-03 *

    0.3008   -0.0006    0.0016   -0.0431   -0.0045   -0.0051


Funcval =

   3.0049e-04


P =

    0.9358   -0.0000    0.0000   -0.3034   -0.0001   -0.0001


stepChange =

   1.0e-03 *

    0.2980   -0.0006    0.0015   -0.0426   -0.0045   -0.0051


Funcval =

   3.0030e-04


P =

    0.9361   -0.0000    0.0000   -0.3035   -0.0001   -0.0001


stepChange =

   1.0e-03 *

    0.2952   -0.0006    0.0015   -0.0421   -0.0044   -0.0050


Funcval =

   3.0012e-04


P =

    0.9364   -0.0000    0.0000   -0.3035   -0.0001   -0.0001


stepChange =

   1.0e-03 *

    0.2925   -0.0006    0.0015   -0.0416   -0.0044   -0.0049


Funcval =

   2.9993e-04


P =

    0.9367   -0.0000    0.0000   -0.3035   -0.0001   -0.0001


stepChange =

   1.0e-03 *

    0.2898   -0.0006    0.0015   -0.0412   -0.0043   -0.0049


Funcval =

   2.9976e-04


P =

    0.9370   -0.0000    0.0000   -0.3036   -0.0001   -0.0001


stepChange =

   1.0e-03 *

    0.2871   -0.0006    0.0015   -0.0407   -0.0043   -0.0048


Funcval =

   2.9958e-04


P =

    0.9373   -0.0000    0.0000   -0.3036   -0.0001   -0.0001


stepChange =

   1.0e-03 *

    0.2844   -0.0006    0.0015   -0.0402   -0.0042   -0.0048


Funcval =

   2.9941e-04


P =

    0.9375   -0.0000    0.0000   -0.3037   -0.0001   -0.0001


stepChange =

   1.0e-03 *

    0.2817   -0.0006    0.0015   -0.0398   -0.0041   -0.0047


Funcval =

   2.9924e-04


P =

    0.9378   -0.0000    0.0000   -0.3037   -0.0001   -0.0001


stepChange =

   1.0e-03 *

    0.2791   -0.0006    0.0015   -0.0393   -0.0041   -0.0046


Funcval =

   2.9908e-04


P =

    0.9381   -0.0000    0.0000   -0.3037   -0.0001   -0.0002


stepChange =

   1.0e-03 *

    0.2765   -0.0006    0.0015   -0.0388   -0.0040   -0.0046


Funcval =

   2.9892e-04


P =

    0.9384   -0.0000    0.0000   -0.3038   -0.0001   -0.0002


stepChange =

   1.0e-03 *

    0.2739   -0.0006    0.0015   -0.0384   -0.0040   -0.0045


Funcval =

   2.9876e-04

{Operation terminated by user during <a href="matlab:matlab.internal.language.introspective.errorDocCallback('HessianStandard', 'D:\Work\Masters\DIC_Program\HessianStandard.m', 18)" style="font-weight:bold">HessianStandard</a> (<a href="matlab: opentoline('D:\Work\Masters\DIC_Program\HessianStandard.m',18,0)">line 18</a>)


In <a href="matlab:matlab.internal.language.introspective.errorDocCallback('NRtracking3_temp>getJac5', 'D:\Work\Masters\DIC_Program\NRtracking3_temp.m', 658)" style="font-weight:bold">NRtracking3_temp>getJac5</a> (<a href="matlab: opentoline('D:\Work\Masters\DIC_Program\NRtracking3_temp.m',658,0)">line 658</a>)
			Hess=(HessianStandard(coef(floor(yp(i,j)),floor(xp(i,j)),:),P',dx(i,j),dy(i,j),X,Y));

In <a href="matlab:matlab.internal.language.introspective.errorDocCallback('NRtracking3_temp', 'D:\Work\Masters\DIC_Program\NRtracking3_temp.m', 130)" style="font-weight:bold">NRtracking3_temp</a> (<a href="matlab: opentoline('D:\Work\Masters\DIC_Program\NRtracking3_temp.m',130,0)">line 130</a>)
					[G,J,H,f2]=getJac5(coef,(P+(dP')*lambda2),dy,dx,x0,y0,F);

In <a href="matlab:matlab.internal.language.introspective.errorDocCallback('dicNR_temp', 'D:\Work\Masters\DIC_Program\dicNR_temp.m', 219)" style="font-weight:bold">dicNR_temp</a> (<a href="matlab: opentoline('D:\Work\Masters\DIC_Program\dicNR_temp.m',219,0)">line 219</a>)
				[PP(i,:),Corrr(i),iter(i)]=NRtracking3_temp('undeformed image',F_in,'deformed image',G_in,'subset size',subsize,'subset
                position',subpos{process_order(i,2),process_order(i,3)},'guess',Proc.imnr{k-inc}.D(i,6:Pend),'coef',coef)
} 
close all; clear; clc; dicNR_temp
 
B =
 
[ P2 + 1,     P3, P1]
[     P5, P6 + 1, P4]
[      0,      0,  1]
 

elements =

    21


ans =

    21     5


ans =

    21     2

image 26

P =

    0.9293   -0.0000    0.0000   -0.0002   -0.0000   -0.0000


stepChange =

    0.9396         0         0         0         0         0


Funcval =

    0.0012


P =

    0.9293   -0.0000    0.0000   -0.3025   -0.0000   -0.0000


